/*--------------------------------*- C++ -*----------------------------------*\
  =========                 |
  \\      /  F ield         | OpenFOAM: The Open Source CFD Toolbox
   \\    /   O peration     | Website:  https://openfoam.org
    \\  /    A nd           | Version:  9
     \\/     M anipulation  |
\*---------------------------------------------------------------------------*/
FoamFile
{
    format      ascii;
    class       volScalarField;
    location    "288";
    object      p;
}
// * * * * * * * * * * * * * * * * * * * * * * * * * * * * * * * * * * * * * //

dimensions      [0 2 -2 0 0 0 0];

internalField   nonuniform List<scalar> 
11608
(
4.11822
4.00221
3.96124
3.93263
3.8971
3.86494
3.83446
3.80435
3.77477
3.7456
3.71671
3.68801
3.65946
3.63101
3.60265
3.57434
3.54608
3.51784
3.48963
3.46143
3.43325
3.40507
3.3769
3.34874
3.32058
3.29242
3.26426
3.2361
3.20795
3.1798
3.15164
3.12349
3.09534
3.06719
3.03903
3.01088
2.98273
2.95458
2.92642
2.89827
2.87012
2.84197
2.81382
2.78567
2.75751
2.72936
2.70121
2.67306
2.64491
2.61675
4.11853
4.00219
3.96121
3.93265
3.89713
3.86496
3.83447
3.80436
3.77478
3.74561
3.71671
3.68801
3.65946
3.63101
3.60265
3.57434
3.54608
3.51784
3.48963
3.46143
3.43325
3.40507
3.3769
3.34874
3.32058
3.29242
3.26426
3.2361
3.20795
3.1798
3.15164
3.12349
3.09534
3.06719
3.03903
3.01088
2.98273
2.95458
2.92642
2.89827
2.87012
2.84197
2.81382
2.78567
2.75751
2.72936
2.70121
2.67306
2.64491
2.61675
4.11901
4.00176
3.96109
3.9326
3.89711
3.86495
3.83446
3.80435
3.77477
3.74561
3.71671
3.68801
3.65946
3.63101
3.60265
3.57434
3.54608
3.51784
3.48963
3.46143
3.43325
3.40507
3.3769
3.34874
3.32058
3.29242
3.26426
3.2361
3.20795
3.1798
3.15164
3.12349
3.09534
3.06719
3.03903
3.01088
2.98273
2.95458
2.92642
2.89827
2.87012
2.84197
2.81382
2.78567
2.75751
2.72936
2.70121
2.67306
2.64491
2.61675
4.11979
4.00107
3.96094
3.93254
3.89709
3.86494
3.83446
3.80435
3.77477
3.7456
3.71671
3.68801
3.65946
3.63101
3.60265
3.57434
3.54608
3.51784
3.48963
3.46143
3.43325
3.40507
3.3769
3.34874
3.32058
3.29242
3.26426
3.2361
3.20795
3.1798
3.15164
3.12349
3.09534
3.06719
3.03903
3.01088
2.98273
2.95458
2.92642
2.89827
2.87012
2.84197
2.81382
2.78567
2.75751
2.72936
2.70121
2.67306
2.64491
2.61675
4.12085
4.00014
3.96078
3.93246
3.89706
3.86493
3.83445
3.80434
3.77477
3.7456
3.7167
3.68801
3.65946
3.63101
3.60265
3.57434
3.54607
3.51784
3.48963
3.46143
3.43325
3.40507
3.3769
3.34874
3.32058
3.29242
3.26426
3.2361
3.20795
3.1798
3.15164
3.12349
3.09534
3.06719
3.03903
3.01088
2.98273
2.95458
2.92642
2.89827
2.87012
2.84197
2.81382
2.78567
2.75751
2.72936
2.70121
2.67306
2.64491
2.61675
4.12221
3.99897
3.9606
3.93237
3.89703
3.86492
3.83444
3.80434
3.77476
3.7456
3.7167
3.688
3.65945
3.63101
3.60265
3.57434
3.54607
3.51784
3.48963
3.46143
3.43325
3.40507
3.3769
3.34874
3.32058
3.29242
3.26426
3.2361
3.20795
3.1798
3.15164
3.12349
3.09534
3.06719
3.03903
3.01088
2.98273
2.95458
2.92642
2.89827
2.87012
2.84197
2.81382
2.78567
2.75751
2.72936
2.70121
2.67306
2.64491
2.61675
4.12389
3.99758
3.96041
3.93228
3.89701
3.86492
3.83443
3.80433
3.77476
3.7456
3.7167
3.688
3.65945
3.63101
3.60265
3.57434
3.54607
3.51784
3.48963
3.46143
3.43325
3.40507
3.3769
3.34874
3.32058
3.29242
3.26426
3.2361
3.20795
3.1798
3.15164
3.12349
3.09534
3.06719
3.03903
3.01088
2.98273
2.95458
2.92642
2.89827
2.87012
2.84197
2.81382
2.78567
2.75751
2.72936
2.70121
2.67306
2.64491
2.61675
4.1259
3.99603
3.96025
3.9322
3.89699
3.86491
3.83442
3.80433
3.77476
3.7456
3.7167
3.688
3.65945
3.63101
3.60265
3.57434
3.54607
3.51784
3.48963
3.46143
3.43325
3.40507
3.3769
3.34874
3.32058
3.29242
3.26426
3.2361
3.20795
3.1798
3.15164
3.12349
3.09534
3.06719
3.03903
3.01088
2.98273
2.95458
2.92642
2.89827
2.87012
2.84197
2.81382
2.78567
2.75751
2.72936
2.70121
2.67306
2.64491
2.61675
4.1283
3.99443
3.96012
3.93214
3.89698
3.86491
3.83442
3.80433
3.77476
3.74559
3.7167
3.688
3.65945
3.63101
3.60265
3.57434
3.54607
3.51784
3.48963
3.46143
3.43325
3.40507
3.3769
3.34874
3.32058
3.29242
3.26426
3.2361
3.20795
3.1798
3.15164
3.12349
3.09534
3.06719
3.03903
3.01088
2.98273
2.95458
2.92642
2.89827
2.87012
2.84197
2.81382
2.78567
2.75751
2.72936
2.70121
2.67306
2.64491
2.61675
4.13129
3.99298
3.96002
3.93209
3.89697
3.86491
3.83441
3.80432
3.77475
3.74559
3.7167
3.688
3.65945
3.63101
3.60265
3.57434
3.54607
3.51784
3.48963
3.46143
3.43325
3.40507
3.3769
3.34874
3.32058
3.29242
3.26426
3.2361
3.20795
3.1798
3.15164
3.12349
3.09534
3.06719
3.03903
3.01088
2.98273
2.95458
2.92642
2.89827
2.87012
2.84197
2.81382
2.78567
2.75751
2.72936
2.70121
2.67306
2.64491
2.61675
4.13514
3.99192
3.95992
3.93204
3.89696
3.8649
3.8344
3.80432
3.77475
3.74559
3.71669
3.688
3.65945
3.63101
3.60265
3.57434
3.54607
3.51784
3.48963
3.46143
3.43325
3.40507
3.3769
3.34874
3.32058
3.29242
3.26426
3.2361
3.20795
3.1798
3.15164
3.12349
3.09534
3.06719
3.03903
3.01088
2.98273
2.95458
2.92642
2.89827
2.87012
2.84197
2.81382
2.78567
2.75751
2.72936
2.70121
2.67306
2.64491
2.61675
4.13916
3.99132
3.95985
3.932
3.89695
3.86489
3.83439
3.80431
3.77475
3.74559
3.71669
3.688
3.65945
3.63101
3.60264
3.57434
3.54607
3.51784
3.48963
3.46143
3.43325
3.40507
3.3769
3.34874
3.32058
3.29242
3.26426
3.2361
3.20795
3.1798
3.15164
3.12349
3.09534
3.06719
3.03903
3.01088
2.98273
2.95458
2.92642
2.89827
2.87012
2.84197
2.81382
2.78567
2.75751
2.72936
2.70121
2.67306
2.64491
2.61675
2.59564
2.58156
2.59564
2.58156
2.59564
2.58156
2.59564
2.58156
2.59564
2.58156
2.59564
2.58156
2.59564
2.58156
2.59564
2.58156
2.59564
2.58156
2.59564
2.58156
2.59564
2.58156
2.59564
2.58156
2.56749
2.55341
2.56749
2.55341
2.56749
2.55341
2.56749
2.55341
2.56749
2.55341
2.56749
2.55341
2.56749
2.55341
2.56749
2.55341
2.56749
2.55341
2.56749
2.55341
2.56749
2.55341
2.56749
2.55341
2.53934
2.52526
2.53934
2.52526
2.53934
2.52526
2.53934
2.52526
2.53934
2.52526
2.53934
2.52526
2.53934
2.52526
2.53934
2.52526
2.53934
2.52526
2.53934
2.52526
2.53934
2.52526
2.53934
2.52526
2.51031
2.49447
2.47863
2.4628
2.44696
2.43113
2.41529
2.39946
2.38362
2.36779
2.35195
2.33612
2.32028
2.30445
2.28861
2.27277
2.25694
2.2411
2.22527
2.20943
2.1936
2.17776
2.16193
2.14609
2.13026
2.11442
2.09859
2.08275
2.06691
2.05108
2.03524
2.01941
2.00357
1.98774
1.9719
1.95607
1.94023
1.9244
1.90856
1.89273
1.87689
1.86105
1.84523
1.82937
1.81362
1.79777
1.78306
1.76897
2.51031
2.49447
2.47863
2.4628
2.44696
2.43113
2.41529
2.39946
2.38362
2.36779
2.35195
2.33612
2.32028
2.30445
2.28861
2.27277
2.25694
2.2411
2.22527
2.20943
2.1936
2.17776
2.16193
2.14609
2.13026
2.11442
2.09859
2.08275
2.06691
2.05108
2.03524
2.01941
2.00357
1.98774
1.9719
1.95607
1.94023
1.9244
1.90856
1.89273
1.87689
1.86105
1.84523
1.82937
1.81362
1.79777
1.78301
1.76888
2.51031
2.49447
2.47863
2.4628
2.44696
2.43113
2.41529
2.39946
2.38362
2.36779
2.35195
2.33612
2.32028
2.30445
2.28861
2.27277
2.25694
2.2411
2.22527
2.20943
2.1936
2.17776
2.16193
2.14609
2.13026
2.11442
2.09859
2.08275
2.06691
2.05108
2.03524
2.01941
2.00357
1.98774
1.9719
1.95607
1.94023
1.9244
1.90856
1.89273
1.87689
1.86105
1.84523
1.82937
1.81361
1.79775
1.78294
1.76871
2.51031
2.49447
2.47863
2.4628
2.44696
2.43113
2.41529
2.39946
2.38362
2.36779
2.35195
2.33612
2.32028
2.30445
2.28861
2.27277
2.25694
2.2411
2.22527
2.20943
2.1936
2.17776
2.16193
2.14609
2.13026
2.11442
2.09859
2.08275
2.06691
2.05108
2.03524
2.01941
2.00357
1.98774
1.9719
1.95607
1.94023
1.9244
1.90856
1.89273
1.87689
1.86105
1.84523
1.82937
1.81361
1.79773
1.78285
1.76845
2.51031
2.49447
2.47863
2.4628
2.44696
2.43113
2.41529
2.39946
2.38362
2.36779
2.35195
2.33612
2.32028
2.30445
2.28861
2.27277
2.25694
2.2411
2.22527
2.20943
2.1936
2.17776
2.16193
2.14609
2.13026
2.11442
2.09859
2.08275
2.06691
2.05108
2.03524
2.01941
2.00357
1.98774
1.9719
1.95607
1.94023
1.9244
1.90856
1.89273
1.87689
1.86105
1.84523
1.82937
1.8136
1.79771
1.78274
1.76811
2.51031
2.49447
2.47863
2.4628
2.44696
2.43113
2.41529
2.39946
2.38362
2.36779
2.35195
2.33612
2.32028
2.30445
2.28861
2.27277
2.25694
2.2411
2.22527
2.20943
2.1936
2.17776
2.16193
2.14609
2.13026
2.11442
2.09859
2.08275
2.06691
2.05108
2.03524
2.01941
2.00357
1.98774
1.9719
1.95607
1.94023
1.9244
1.90856
1.89273
1.87689
1.86105
1.84523
1.82937
1.8136
1.79769
1.78261
1.76769
2.51031
2.49447
2.47863
2.4628
2.44696
2.43113
2.41529
2.39946
2.38362
2.36779
2.35195
2.33612
2.32028
2.30445
2.28861
2.27277
2.25694
2.2411
2.22527
2.20943
2.1936
2.17776
2.16193
2.14609
2.13026
2.11442
2.09859
2.08275
2.06691
2.05108
2.03524
2.01941
2.00357
1.98774
1.9719
1.95607
1.94023
1.9244
1.90856
1.89273
1.87689
1.86105
1.84522
1.82937
1.81359
1.79766
1.78248
1.76721
2.51031
2.49447
2.47863
2.4628
2.44696
2.43113
2.41529
2.39946
2.38362
2.36779
2.35195
2.33612
2.32028
2.30445
2.28861
2.27277
2.25694
2.2411
2.22527
2.20943
2.1936
2.17776
2.16193
2.14609
2.13026
2.11442
2.09859
2.08275
2.06691
2.05108
2.03524
2.01941
2.00357
1.98774
1.9719
1.95607
1.94023
1.9244
1.90856
1.89273
1.87689
1.86105
1.84522
1.82937
1.81359
1.79764
1.78234
1.76671
2.51031
2.49447
2.47863
2.4628
2.44696
2.43113
2.41529
2.39946
2.38362
2.36779
2.35195
2.33612
2.32028
2.30445
2.28861
2.27277
2.25694
2.2411
2.22527
2.20943
2.1936
2.17776
2.16193
2.14609
2.13026
2.11442
2.09859
2.08275
2.06691
2.05108
2.03524
2.01941
2.00357
1.98774
1.9719
1.95607
1.94023
1.9244
1.90856
1.89273
1.87689
1.86105
1.84522
1.82937
1.81358
1.79763
1.78222
1.76619
2.51031
2.49447
2.47863
2.4628
2.44696
2.43113
2.41529
2.39946
2.38362
2.36779
2.35195
2.33612
2.32028
2.30445
2.28861
2.27277
2.25694
2.2411
2.22527
2.20943
2.1936
2.17776
2.16193
2.14609
2.13026
2.11442
2.09859
2.08275
2.06691
2.05108
2.03524
2.01941
2.00357
1.98774
1.9719
1.95607
1.94023
1.9244
1.90856
1.89273
1.87689
1.86105
1.84522
1.82937
1.81358
1.79762
1.78213
1.76568
2.51031
2.49447
2.47863
2.4628
2.44696
2.43113
2.41529
2.39946
2.38362
2.36779
2.35195
2.33612
2.32028
2.30445
2.28861
2.27277
2.25694
2.2411
2.22527
2.20943
2.1936
2.17776
2.16193
2.14609
2.13026
2.11442
2.09859
2.08275
2.06691
2.05108
2.03524
2.01941
2.00357
1.98774
1.9719
1.95607
1.94023
1.9244
1.90856
1.89273
1.87689
1.86105
1.84522
1.82937
1.81358
1.79762
1.78207
1.76515
2.51031
2.49447
2.47863
2.4628
2.44696
2.43113
2.41529
2.39946
2.38362
2.36779
2.35195
2.33612
2.32028
2.30445
2.28861
2.27277
2.25694
2.2411
2.22527
2.20943
2.1936
2.17776
2.16193
2.14609
2.13026
2.11442
2.09859
2.08275
2.06691
2.05108
2.03524
2.01941
2.00357
1.98774
1.9719
1.95607
1.94023
1.9244
1.90856
1.89273
1.87689
1.86105
1.84522
1.82937
1.81358
1.79762
1.78206
1.76465
1.76804
1.76922
1.76983
1.77006
1.7703
1.77053
1.77066
1.77071
1.77074
1.77074
1.77074
1.77074
1.77073
1.77072
1.77071
1.7707
1.77069
1.77068
1.77067
1.77066
1.77066
1.77065
1.77064
1.77064
1.77063
1.77063
1.77062
1.77062
1.77061
1.77061
1.7706
1.7706
1.7706
1.77059
1.77059
1.77059
1.77059
1.77058
1.77058
1.77058
1.77058
1.77058
1.77058
1.77058
1.77058
1.77058
1.77058
1.77058
1.77058
1.77058
1.77058
1.77058
1.77058
1.77058
1.77058
1.77058
1.77059
1.77059
1.77059
1.77059
1.77059
1.7706
1.7706
1.7706
1.77061
1.77061
1.77061
1.77062
1.77062
1.77062
1.77063
1.77063
1.77064
1.77064
1.77065
1.77065
1.77066
1.77066
1.77067
1.77067
1.77068
1.77069
1.77069
1.7707
1.77071
1.77071
1.77072
1.77073
1.77073
1.77074
1.77075
1.77075
1.77076
1.77077
1.77078
1.77079
1.77079
1.7708
1.77081
1.77082
1.77083
1.77084
1.77085
1.77086
1.77087
1.77087
1.77088
1.77089
1.7709
1.77091
1.77092
1.77093
1.77094
1.77096
1.77097
1.77098
1.77099
1.771
1.77101
1.77102
1.77103
1.77104
1.77106
1.77107
1.77108
1.77109
1.7711
1.77112
1.77113
1.77114
1.77115
1.77117
1.77118
1.77119
1.7712
1.77122
1.77123
1.77124
1.77126
1.77127
1.77128
1.7713
1.77131
1.77133
1.77134
1.77135
1.77137
1.77138
1.7714
1.77141
1.77143
1.77144
1.77146
1.77147
1.77149
1.7715
1.77152
1.77153
1.77155
1.77156
1.77158
1.77159
1.77161
1.77163
1.77164
1.77166
1.77167
1.77169
1.77171
1.77172
1.77174
1.77176
1.77177
1.77179
1.77181
1.77182
1.77184
1.77186
1.77187
1.77189
1.77191
1.77192
1.77194
1.77196
1.77198
1.77199
1.77201
1.77203
1.77204
1.77206
1.77208
1.7721
1.77212
1.77213
1.77215
1.77217
1.77219
1.7722
1.77222
1.77224
1.77226
1.77228
1.77229
1.77231
1.77233
1.77235
1.77237
1.77239
1.7724
1.77242
1.77244
1.77246
1.77248
1.7725
1.77251
1.77253
1.77255
1.77257
1.77259
1.77261
1.77262
1.77264
1.77266
1.77268
1.7727
1.77272
1.77274
1.77275
1.77277
1.77279
1.77281
1.77283
1.77285
1.77287
1.77288
1.7729
1.77292
1.77294
1.77296
1.77298
1.77299
1.77301
1.77303
1.77305
1.77307
1.77309
1.77311
1.77312
1.77314
1.77316
1.77318
1.7732
1.77322
1.77323
1.77325
1.77327
1.77329
1.77331
1.77332
1.77334
1.77336
1.77338
1.7734
1.77342
1.77343
1.77345
1.77347
1.77349
1.77351
1.77352
1.77354
1.77356
1.77358
1.77359
1.77361
1.77363
1.77364
1.77366
1.77368
1.77369
1.77371
1.77373
1.77374
1.77376
1.77377
1.77379
1.77381
1.77382
1.77384
1.77386
1.77387
1.77389
1.77391
1.77393
1.77395
1.77397
1.77399
1.77401
1.77402
1.77404
1.77405
1.77406
1.77406
1.77405
1.77402
1.77396
1.77387
1.77374
1.77352
1.77321
1.77274
1.77203
1.77094
1.76926
1.76655
1.76215
1.7547
1.7425
1.72167
1.6919
1.76792
1.76912
1.76977
1.77002
1.77026
1.77048
1.77061
1.77066
1.77068
1.77069
1.77069
1.77068
1.77067
1.77066
1.77065
1.77064
1.77063
1.77063
1.77062
1.77061
1.7706
1.7706
1.77059
1.77059
1.77058
1.77058
1.77057
1.77057
1.77057
1.77056
1.77056
1.77056
1.77055
1.77055
1.77055
1.77055
1.77055
1.77055
1.77054
1.77054
1.77054
1.77054
1.77054
1.77054
1.77054
1.77054
1.77054
1.77054
1.77054
1.77055
1.77055
1.77055
1.77055
1.77055
1.77055
1.77056
1.77056
1.77056
1.77056
1.77057
1.77057
1.77057
1.77058
1.77058
1.77058
1.77059
1.77059
1.77059
1.7706
1.7706
1.77061
1.77061
1.77062
1.77062
1.77063
1.77063
1.77064
1.77064
1.77065
1.77066
1.77066
1.77067
1.77068
1.77068
1.77069
1.7707
1.7707
1.77071
1.77072
1.77072
1.77073
1.77074
1.77075
1.77076
1.77076
1.77077
1.77078
1.77079
1.7708
1.77081
1.77082
1.77082
1.77083
1.77084
1.77085
1.77086
1.77087
1.77088
1.77089
1.7709
1.77091
1.77092
1.77093
1.77094
1.77095
1.77097
1.77098
1.77099
1.771
1.77101
1.77102
1.77103
1.77105
1.77106
1.77107
1.77108
1.77109
1.77111
1.77112
1.77113
1.77114
1.77116
1.77117
1.77118
1.7712
1.77121
1.77122
1.77124
1.77125
1.77126
1.77128
1.77129
1.7713
1.77132
1.77133
1.77135
1.77136
1.77138
1.77139
1.7714
1.77142
1.77143
1.77145
1.77146
1.77148
1.77149
1.77151
1.77153
1.77154
1.77156
1.77157
1.77159
1.7716
1.77162
1.77164
1.77165
1.77167
1.77168
1.7717
1.77172
1.77173
1.77175
1.77177
1.77178
1.7718
1.77182
1.77183
1.77185
1.77187
1.77188
1.7719
1.77192
1.77193
1.77195
1.77197
1.77199
1.772
1.77202
1.77204
1.77206
1.77207
1.77209
1.77211
1.77213
1.77215
1.77216
1.77218
1.7722
1.77222
1.77223
1.77225
1.77227
1.77229
1.77231
1.77233
1.77234
1.77236
1.77238
1.7724
1.77242
1.77244
1.77245
1.77247
1.77249
1.77251
1.77253
1.77255
1.77256
1.77258
1.7726
1.77262
1.77264
1.77266
1.77268
1.77269
1.77271
1.77273
1.77275
1.77277
1.77279
1.77281
1.77282
1.77284
1.77286
1.77288
1.7729
1.77292
1.77294
1.77295
1.77297
1.77299
1.77301
1.77303
1.77305
1.77306
1.77308
1.7731
1.77312
1.77314
1.77316
1.77317
1.77319
1.77321
1.77323
1.77325
1.77327
1.77328
1.7733
1.77332
1.77334
1.77336
1.77338
1.77339
1.77341
1.77343
1.77345
1.77347
1.77348
1.7735
1.77352
1.77354
1.77355
1.77357
1.77359
1.77361
1.77362
1.77364
1.77366
1.77367
1.77369
1.77371
1.77372
1.77374
1.77375
1.77377
1.77379
1.7738
1.77382
1.77384
1.77385
1.77387
1.77389
1.77391
1.77392
1.77394
1.77396
1.77398
1.774
1.77402
1.77404
1.77405
1.77406
1.77406
1.77404
1.77402
1.77396
1.77388
1.77375
1.77354
1.77324
1.77278
1.77209
1.77103
1.76939
1.76675
1.76243
1.7551
1.74299
1.72223
1.69216
1.76777
1.76905
1.76977
1.77004
1.77027
1.77049
1.77062
1.77067
1.77069
1.77069
1.77069
1.77068
1.77067
1.77066
1.77065
1.77064
1.77063
1.77062
1.77062
1.77061
1.7706
1.7706
1.77059
1.77059
1.77058
1.77058
1.77057
1.77057
1.77057
1.77056
1.77056
1.77056
1.77055
1.77055
1.77055
1.77055
1.77055
1.77055
1.77054
1.77054
1.77054
1.77054
1.77054
1.77054
1.77054
1.77054
1.77054
1.77054
1.77055
1.77055
1.77055
1.77055
1.77055
1.77055
1.77055
1.77056
1.77056
1.77056
1.77056
1.77057
1.77057
1.77057
1.77058
1.77058
1.77058
1.77059
1.77059
1.7706
1.7706
1.7706
1.77061
1.77061
1.77062
1.77062
1.77063
1.77063
1.77064
1.77065
1.77065
1.77066
1.77066
1.77067
1.77068
1.77068
1.77069
1.7707
1.7707
1.77071
1.77072
1.77073
1.77073
1.77074
1.77075
1.77076
1.77076
1.77077
1.77078
1.77079
1.7708
1.77081
1.77082
1.77083
1.77083
1.77084
1.77085
1.77086
1.77087
1.77088
1.77089
1.7709
1.77091
1.77092
1.77093
1.77094
1.77096
1.77097
1.77098
1.77099
1.771
1.77101
1.77102
1.77103
1.77105
1.77106
1.77107
1.77108
1.77109
1.77111
1.77112
1.77113
1.77114
1.77116
1.77117
1.77118
1.7712
1.77121
1.77122
1.77124
1.77125
1.77126
1.77128
1.77129
1.77131
1.77132
1.77133
1.77135
1.77136
1.77138
1.77139
1.77141
1.77142
1.77144
1.77145
1.77147
1.77148
1.7715
1.77151
1.77153
1.77154
1.77156
1.77157
1.77159
1.7716
1.77162
1.77164
1.77165
1.77167
1.77168
1.7717
1.77172
1.77173
1.77175
1.77177
1.77178
1.7718
1.77182
1.77183
1.77185
1.77187
1.77188
1.7719
1.77192
1.77194
1.77195
1.77197
1.77199
1.772
1.77202
1.77204
1.77206
1.77207
1.77209
1.77211
1.77213
1.77215
1.77216
1.77218
1.7722
1.77222
1.77224
1.77225
1.77227
1.77229
1.77231
1.77233
1.77234
1.77236
1.77238
1.7724
1.77242
1.77244
1.77245
1.77247
1.77249
1.77251
1.77253
1.77255
1.77256
1.77258
1.7726
1.77262
1.77264
1.77266
1.77268
1.77269
1.77271
1.77273
1.77275
1.77277
1.77279
1.77281
1.77282
1.77284
1.77286
1.77288
1.7729
1.77292
1.77294
1.77295
1.77297
1.77299
1.77301
1.77303
1.77305
1.77306
1.77308
1.7731
1.77312
1.77314
1.77316
1.77317
1.77319
1.77321
1.77323
1.77325
1.77327
1.77328
1.7733
1.77332
1.77334
1.77336
1.77338
1.77339
1.77341
1.77343
1.77345
1.77347
1.77348
1.7735
1.77352
1.77354
1.77356
1.77357
1.77359
1.77361
1.77362
1.77364
1.77366
1.77367
1.77369
1.77371
1.77372
1.77374
1.77375
1.77377
1.77379
1.7738
1.77382
1.77384
1.77385
1.77387
1.77389
1.77391
1.77392
1.77394
1.77396
1.77398
1.774
1.77402
1.77404
1.77405
1.77406
1.77406
1.77405
1.77402
1.77397
1.77389
1.77376
1.77356
1.77326
1.77281
1.77213
1.7711
1.76948
1.76689
1.76263
1.75539
1.74332
1.72244
1.69191
1.76756
1.76894
1.76975
1.77004
1.77027
1.77049
1.77061
1.77066
1.77067
1.77068
1.77067
1.77066
1.77065
1.77064
1.77063
1.77062
1.77061
1.77061
1.7706
1.77059
1.77059
1.77058
1.77057
1.77057
1.77057
1.77056
1.77056
1.77055
1.77055
1.77055
1.77055
1.77054
1.77054
1.77054
1.77054
1.77054
1.77054
1.77053
1.77053
1.77053
1.77053
1.77053
1.77053
1.77053
1.77053
1.77053
1.77054
1.77054
1.77054
1.77054
1.77054
1.77054
1.77054
1.77055
1.77055
1.77055
1.77055
1.77056
1.77056
1.77056
1.77057
1.77057
1.77057
1.77058
1.77058
1.77058
1.77059
1.77059
1.7706
1.7706
1.77061
1.77061
1.77062
1.77062
1.77063
1.77063
1.77064
1.77064
1.77065
1.77065
1.77066
1.77067
1.77067
1.77068
1.77069
1.77069
1.7707
1.77071
1.77072
1.77072
1.77073
1.77074
1.77075
1.77075
1.77076
1.77077
1.77078
1.77079
1.7708
1.77081
1.77082
1.77082
1.77083
1.77084
1.77085
1.77086
1.77087
1.77088
1.77089
1.7709
1.77091
1.77092
1.77093
1.77094
1.77095
1.77097
1.77098
1.77099
1.771
1.77101
1.77102
1.77103
1.77105
1.77106
1.77107
1.77108
1.77109
1.77111
1.77112
1.77113
1.77114
1.77116
1.77117
1.77118
1.7712
1.77121
1.77122
1.77124
1.77125
1.77126
1.77128
1.77129
1.7713
1.77132
1.77133
1.77135
1.77136
1.77138
1.77139
1.77141
1.77142
1.77143
1.77145
1.77146
1.77148
1.7715
1.77151
1.77153
1.77154
1.77156
1.77157
1.77159
1.7716
1.77162
1.77164
1.77165
1.77167
1.77168
1.7717
1.77172
1.77173
1.77175
1.77177
1.77178
1.7718
1.77182
1.77183
1.77185
1.77187
1.77188
1.7719
1.77192
1.77194
1.77195
1.77197
1.77199
1.772
1.77202
1.77204
1.77206
1.77207
1.77209
1.77211
1.77213
1.77215
1.77216
1.77218
1.7722
1.77222
1.77224
1.77225
1.77227
1.77229
1.77231
1.77233
1.77234
1.77236
1.77238
1.7724
1.77242
1.77244
1.77245
1.77247
1.77249
1.77251
1.77253
1.77255
1.77256
1.77258
1.7726
1.77262
1.77264
1.77266
1.77268
1.77269
1.77271
1.77273
1.77275
1.77277
1.77279
1.77281
1.77282
1.77284
1.77286
1.77288
1.7729
1.77292
1.77294
1.77295
1.77297
1.77299
1.77301
1.77303
1.77305
1.77306
1.77308
1.7731
1.77312
1.77314
1.77316
1.77317
1.77319
1.77321
1.77323
1.77325
1.77327
1.77328
1.7733
1.77332
1.77334
1.77336
1.77338
1.77339
1.77341
1.77343
1.77345
1.77347
1.77348
1.7735
1.77352
1.77354
1.77356
1.77357
1.77359
1.77361
1.77362
1.77364
1.77366
1.77367
1.77369
1.77371
1.77372
1.77374
1.77375
1.77377
1.77379
1.7738
1.77382
1.77384
1.77385
1.77387
1.77389
1.77391
1.77392
1.77394
1.77396
1.77398
1.774
1.77402
1.77404
1.77405
1.77406
1.77406
1.77405
1.77402
1.77398
1.7739
1.77377
1.77358
1.77329
1.77285
1.7722
1.7712
1.76963
1.76711
1.76297
1.75587
1.74391
1.72287
1.69174
1.76728
1.7688
1.76972
1.77005
1.77028
1.77049
1.7706
1.77064
1.77065
1.77066
1.77065
1.77064
1.77063
1.77062
1.77061
1.7706
1.77059
1.77058
1.77057
1.77057
1.77056
1.77056
1.77055
1.77055
1.77054
1.77054
1.77054
1.77053
1.77053
1.77053
1.77053
1.77053
1.77052
1.77052
1.77052
1.77052
1.77052
1.77052
1.77052
1.77052
1.77052
1.77052
1.77052
1.77052
1.77052
1.77052
1.77052
1.77053
1.77053
1.77053
1.77053
1.77053
1.77054
1.77054
1.77054
1.77054
1.77055
1.77055
1.77055
1.77056
1.77056
1.77056
1.77057
1.77057
1.77057
1.77058
1.77058
1.77059
1.77059
1.7706
1.7706
1.77061
1.77061
1.77062
1.77062
1.77063
1.77063
1.77064
1.77064
1.77065
1.77066
1.77066
1.77067
1.77068
1.77068
1.77069
1.7707
1.77071
1.77071
1.77072
1.77073
1.77074
1.77074
1.77075
1.77076
1.77077
1.77078
1.77079
1.77079
1.7708
1.77081
1.77082
1.77083
1.77084
1.77085
1.77086
1.77087
1.77088
1.77089
1.7709
1.77091
1.77092
1.77093
1.77094
1.77095
1.77096
1.77098
1.77099
1.771
1.77101
1.77102
1.77103
1.77104
1.77106
1.77107
1.77108
1.77109
1.7711
1.77112
1.77113
1.77114
1.77116
1.77117
1.77118
1.77119
1.77121
1.77122
1.77123
1.77125
1.77126
1.77128
1.77129
1.7713
1.77132
1.77133
1.77135
1.77136
1.77138
1.77139
1.7714
1.77142
1.77143
1.77145
1.77146
1.77148
1.77149
1.77151
1.77153
1.77154
1.77156
1.77157
1.77159
1.7716
1.77162
1.77164
1.77165
1.77167
1.77168
1.7717
1.77172
1.77173
1.77175
1.77177
1.77178
1.7718
1.77182
1.77183
1.77185
1.77187
1.77188
1.7719
1.77192
1.77193
1.77195
1.77197
1.77199
1.772
1.77202
1.77204
1.77206
1.77207
1.77209
1.77211
1.77213
1.77215
1.77216
1.77218
1.7722
1.77222
1.77223
1.77225
1.77227
1.77229
1.77231
1.77233
1.77234
1.77236
1.77238
1.7724
1.77242
1.77244
1.77245
1.77247
1.77249
1.77251
1.77253
1.77255
1.77256
1.77258
1.7726
1.77262
1.77264
1.77266
1.77268
1.77269
1.77271
1.77273
1.77275
1.77277
1.77279
1.77281
1.77282
1.77284
1.77286
1.77288
1.7729
1.77292
1.77294
1.77295
1.77297
1.77299
1.77301
1.77303
1.77305
1.77306
1.77308
1.7731
1.77312
1.77314
1.77316
1.77317
1.77319
1.77321
1.77323
1.77325
1.77327
1.77328
1.7733
1.77332
1.77334
1.77336
1.77338
1.77339
1.77341
1.77343
1.77345
1.77347
1.77348
1.7735
1.77352
1.77354
1.77355
1.77357
1.77359
1.77361
1.77362
1.77364
1.77366
1.77367
1.77369
1.77371
1.77372
1.77374
1.77375
1.77377
1.77379
1.7738
1.77382
1.77383
1.77385
1.77387
1.77389
1.7739
1.77392
1.77394
1.77396
1.77398
1.774
1.77402
1.77404
1.77405
1.77406
1.77406
1.77405
1.77403
1.77399
1.77391
1.77379
1.77361
1.77333
1.77292
1.77229
1.77133
1.76984
1.76742
1.76343
1.75653
1.74476
1.72352
1.69155
1.76695
1.76864
1.7697
1.77006
1.77028
1.77049
1.77059
1.77062
1.77063
1.77063
1.77062
1.77061
1.7706
1.77059
1.77058
1.77057
1.77056
1.77055
1.77055
1.77054
1.77054
1.77053
1.77053
1.77052
1.77052
1.77052
1.77051
1.77051
1.77051
1.77051
1.77051
1.77051
1.77051
1.7705
1.7705
1.7705
1.7705
1.7705
1.7705
1.7705
1.7705
1.77051
1.77051
1.77051
1.77051
1.77051
1.77051
1.77051
1.77052
1.77052
1.77052
1.77052
1.77053
1.77053
1.77053
1.77053
1.77054
1.77054
1.77054
1.77055
1.77055
1.77055
1.77056
1.77056
1.77057
1.77057
1.77057
1.77058
1.77058
1.77059
1.77059
1.7706
1.7706
1.77061
1.77062
1.77062
1.77063
1.77063
1.77064
1.77065
1.77065
1.77066
1.77067
1.77067
1.77068
1.77069
1.77069
1.7707
1.77071
1.77072
1.77072
1.77073
1.77074
1.77075
1.77076
1.77077
1.77077
1.77078
1.77079
1.7708
1.77081
1.77082
1.77083
1.77084
1.77085
1.77086
1.77087
1.77088
1.77089
1.7709
1.77091
1.77092
1.77093
1.77094
1.77095
1.77096
1.77097
1.77098
1.771
1.77101
1.77102
1.77103
1.77104
1.77105
1.77107
1.77108
1.77109
1.7711
1.77112
1.77113
1.77114
1.77115
1.77117
1.77118
1.77119
1.77121
1.77122
1.77123
1.77125
1.77126
1.77127
1.77129
1.7713
1.77132
1.77133
1.77135
1.77136
1.77137
1.77139
1.7714
1.77142
1.77143
1.77145
1.77146
1.77148
1.77149
1.77151
1.77152
1.77154
1.77156
1.77157
1.77159
1.7716
1.77162
1.77163
1.77165
1.77167
1.77168
1.7717
1.77172
1.77173
1.77175
1.77176
1.77178
1.7718
1.77181
1.77183
1.77185
1.77187
1.77188
1.7719
1.77192
1.77193
1.77195
1.77197
1.77199
1.772
1.77202
1.77204
1.77206
1.77207
1.77209
1.77211
1.77213
1.77214
1.77216
1.77218
1.7722
1.77222
1.77223
1.77225
1.77227
1.77229
1.77231
1.77233
1.77234
1.77236
1.77238
1.7724
1.77242
1.77243
1.77245
1.77247
1.77249
1.77251
1.77253
1.77255
1.77256
1.77258
1.7726
1.77262
1.77264
1.77266
1.77268
1.77269
1.77271
1.77273
1.77275
1.77277
1.77279
1.77281
1.77282
1.77284
1.77286
1.77288
1.7729
1.77292
1.77293
1.77295
1.77297
1.77299
1.77301
1.77303
1.77305
1.77306
1.77308
1.7731
1.77312
1.77314
1.77316
1.77317
1.77319
1.77321
1.77323
1.77325
1.77327
1.77328
1.7733
1.77332
1.77334
1.77336
1.77338
1.77339
1.77341
1.77343
1.77345
1.77347
1.77348
1.7735
1.77352
1.77354
1.77355
1.77357
1.77359
1.77361
1.77362
1.77364
1.77366
1.77367
1.77369
1.77371
1.77372
1.77374
1.77375
1.77377
1.77379
1.7738
1.77382
1.77383
1.77385
1.77387
1.77389
1.7739
1.77392
1.77394
1.77396
1.77398
1.774
1.77402
1.77404
1.77405
1.77406
1.77407
1.77406
1.77404
1.774
1.77393
1.77382
1.77364
1.77338
1.77299
1.7724
1.7715
1.77008
1.7678
1.764
1.75736
1.74584
1.72444
1.69124
1.76657
1.76848
1.76969
1.77008
1.77029
1.77048
1.77058
1.7706
1.7706
1.7706
1.77059
1.77058
1.77056
1.77055
1.77054
1.77054
1.77053
1.77052
1.77052
1.77051
1.77051
1.7705
1.7705
1.7705
1.77049
1.77049
1.77049
1.77049
1.77049
1.77049
1.77049
1.77048
1.77048
1.77048
1.77048
1.77048
1.77048
1.77049
1.77049
1.77049
1.77049
1.77049
1.77049
1.77049
1.77049
1.7705
1.7705
1.7705
1.7705
1.77051
1.77051
1.77051
1.77051
1.77052
1.77052
1.77052
1.77053
1.77053
1.77053
1.77054
1.77054
1.77055
1.77055
1.77055
1.77056
1.77056
1.77057
1.77057
1.77058
1.77058
1.77059
1.77059
1.7706
1.7706
1.77061
1.77062
1.77062
1.77063
1.77063
1.77064
1.77065
1.77065
1.77066
1.77067
1.77067
1.77068
1.77069
1.7707
1.7707
1.77071
1.77072
1.77073
1.77074
1.77074
1.77075
1.77076
1.77077
1.77078
1.77079
1.7708
1.77081
1.77082
1.77083
1.77083
1.77084
1.77085
1.77086
1.77087
1.77088
1.77089
1.77091
1.77092
1.77093
1.77094
1.77095
1.77096
1.77097
1.77098
1.77099
1.771
1.77102
1.77103
1.77104
1.77105
1.77106
1.77108
1.77109
1.7711
1.77111
1.77113
1.77114
1.77115
1.77117
1.77118
1.77119
1.7712
1.77122
1.77123
1.77125
1.77126
1.77127
1.77129
1.7713
1.77131
1.77133
1.77134
1.77136
1.77137
1.77139
1.7714
1.77142
1.77143
1.77145
1.77146
1.77148
1.77149
1.77151
1.77152
1.77154
1.77155
1.77157
1.77159
1.7716
1.77162
1.77163
1.77165
1.77167
1.77168
1.7717
1.77171
1.77173
1.77175
1.77176
1.77178
1.7718
1.77181
1.77183
1.77185
1.77186
1.77188
1.7719
1.77192
1.77193
1.77195
1.77197
1.77199
1.772
1.77202
1.77204
1.77206
1.77207
1.77209
1.77211
1.77213
1.77214
1.77216
1.77218
1.7722
1.77222
1.77223
1.77225
1.77227
1.77229
1.77231
1.77232
1.77234
1.77236
1.77238
1.7724
1.77242
1.77243
1.77245
1.77247
1.77249
1.77251
1.77253
1.77254
1.77256
1.77258
1.7726
1.77262
1.77264
1.77266
1.77267
1.77269
1.77271
1.77273
1.77275
1.77277
1.77279
1.7728
1.77282
1.77284
1.77286
1.77288
1.7729
1.77292
1.77293
1.77295
1.77297
1.77299
1.77301
1.77303
1.77305
1.77306
1.77308
1.7731
1.77312
1.77314
1.77316
1.77317
1.77319
1.77321
1.77323
1.77325
1.77327
1.77328
1.7733
1.77332
1.77334
1.77336
1.77337
1.77339
1.77341
1.77343
1.77345
1.77347
1.77348
1.7735
1.77352
1.77354
1.77355
1.77357
1.77359
1.77361
1.77362
1.77364
1.77366
1.77367
1.77369
1.77371
1.77372
1.77374
1.77375
1.77377
1.77378
1.7738
1.77382
1.77383
1.77385
1.77387
1.77388
1.7739
1.77392
1.77394
1.77396
1.77398
1.774
1.77402
1.77404
1.77405
1.77406
1.77407
1.77407
1.77405
1.77401
1.77395
1.77385
1.77369
1.77345
1.77308
1.77253
1.77169
1.77037
1.76824
1.76467
1.75838
1.74719
1.72571
1.69079
1.76616
1.76832
1.7697
1.77009
1.7703
1.77047
1.77055
1.77057
1.77056
1.77056
1.77055
1.77054
1.77053
1.77052
1.77051
1.7705
1.77049
1.77049
1.77048
1.77048
1.77048
1.77047
1.77047
1.77047
1.77047
1.77047
1.77046
1.77046
1.77046
1.77046
1.77046
1.77046
1.77046
1.77046
1.77046
1.77046
1.77047
1.77047
1.77047
1.77047
1.77047
1.77047
1.77047
1.77048
1.77048
1.77048
1.77048
1.77049
1.77049
1.77049
1.7705
1.7705
1.7705
1.7705
1.77051
1.77051
1.77052
1.77052
1.77052
1.77053
1.77053
1.77054
1.77054
1.77054
1.77055
1.77055
1.77056
1.77056
1.77057
1.77057
1.77058
1.77059
1.77059
1.7706
1.7706
1.77061
1.77062
1.77062
1.77063
1.77063
1.77064
1.77065
1.77065
1.77066
1.77067
1.77068
1.77068
1.77069
1.7707
1.77071
1.77072
1.77072
1.77073
1.77074
1.77075
1.77076
1.77077
1.77078
1.77078
1.77079
1.7708
1.77081
1.77082
1.77083
1.77084
1.77085
1.77086
1.77087
1.77088
1.77089
1.7709
1.77091
1.77092
1.77093
1.77095
1.77096
1.77097
1.77098
1.77099
1.771
1.77101
1.77103
1.77104
1.77105
1.77106
1.77107
1.77109
1.7711
1.77111
1.77112
1.77114
1.77115
1.77116
1.77118
1.77119
1.7712
1.77122
1.77123
1.77124
1.77126
1.77127
1.77129
1.7713
1.77131
1.77133
1.77134
1.77136
1.77137
1.77139
1.7714
1.77142
1.77143
1.77145
1.77146
1.77148
1.77149
1.77151
1.77152
1.77154
1.77155
1.77157
1.77158
1.7716
1.77162
1.77163
1.77165
1.77166
1.77168
1.7717
1.77171
1.77173
1.77175
1.77176
1.77178
1.7718
1.77181
1.77183
1.77185
1.77186
1.77188
1.7719
1.77191
1.77193
1.77195
1.77197
1.77198
1.772
1.77202
1.77204
1.77205
1.77207
1.77209
1.77211
1.77213
1.77214
1.77216
1.77218
1.7722
1.77221
1.77223
1.77225
1.77227
1.77229
1.77231
1.77232
1.77234
1.77236
1.77238
1.7724
1.77242
1.77243
1.77245
1.77247
1.77249
1.77251
1.77253
1.77254
1.77256
1.77258
1.7726
1.77262
1.77264
1.77266
1.77267
1.77269
1.77271
1.77273
1.77275
1.77277
1.77279
1.7728
1.77282
1.77284
1.77286
1.77288
1.7729
1.77292
1.77293
1.77295
1.77297
1.77299
1.77301
1.77303
1.77304
1.77306
1.77308
1.7731
1.77312
1.77314
1.77315
1.77317
1.77319
1.77321
1.77323
1.77325
1.77326
1.77328
1.7733
1.77332
1.77334
1.77336
1.77337
1.77339
1.77341
1.77343
1.77345
1.77346
1.77348
1.7735
1.77352
1.77354
1.77355
1.77357
1.77359
1.77361
1.77362
1.77364
1.77366
1.77367
1.77369
1.7737
1.77372
1.77374
1.77375
1.77377
1.77378
1.7738
1.77382
1.77383
1.77385
1.77387
1.77388
1.7739
1.77392
1.77394
1.77396
1.77398
1.774
1.77402
1.77404
1.77405
1.77407
1.77407
1.77407
1.77406
1.77403
1.77397
1.77388
1.77373
1.77351
1.77318
1.77268
1.7719
1.77069
1.76873
1.76543
1.75957
1.74881
1.72746
1.69025
1.76571
1.7682
1.76971
1.7701
1.77029
1.77045
1.77051
1.77052
1.77052
1.77051
1.7705
1.77049
1.77048
1.77048
1.77047
1.77046
1.77046
1.77045
1.77045
1.77045
1.77044
1.77044
1.77044
1.77044
1.77044
1.77044
1.77044
1.77044
1.77044
1.77044
1.77044
1.77044
1.77044
1.77044
1.77044
1.77044
1.77045
1.77045
1.77045
1.77045
1.77045
1.77046
1.77046
1.77046
1.77046
1.77047
1.77047
1.77047
1.77048
1.77048
1.77048
1.77049
1.77049
1.77049
1.7705
1.7705
1.7705
1.77051
1.77051
1.77052
1.77052
1.77053
1.77053
1.77053
1.77054
1.77054
1.77055
1.77056
1.77056
1.77057
1.77057
1.77058
1.77058
1.77059
1.7706
1.7706
1.77061
1.77061
1.77062
1.77063
1.77063
1.77064
1.77065
1.77066
1.77066
1.77067
1.77068
1.77069
1.77069
1.7707
1.77071
1.77072
1.77073
1.77074
1.77074
1.77075
1.77076
1.77077
1.77078
1.77079
1.7708
1.77081
1.77082
1.77083
1.77084
1.77085
1.77086
1.77087
1.77088
1.77089
1.7709
1.77091
1.77092
1.77093
1.77094
1.77095
1.77096
1.77098
1.77099
1.771
1.77101
1.77102
1.77104
1.77105
1.77106
1.77107
1.77108
1.7711
1.77111
1.77112
1.77113
1.77115
1.77116
1.77117
1.77119
1.7712
1.77121
1.77123
1.77124
1.77126
1.77127
1.77128
1.7713
1.77131
1.77133
1.77134
1.77135
1.77137
1.77138
1.7714
1.77141
1.77143
1.77144
1.77146
1.77147
1.77149
1.7715
1.77152
1.77154
1.77155
1.77157
1.77158
1.7716
1.77161
1.77163
1.77165
1.77166
1.77168
1.7717
1.77171
1.77173
1.77174
1.77176
1.77178
1.77179
1.77181
1.77183
1.77185
1.77186
1.77188
1.7719
1.77191
1.77193
1.77195
1.77197
1.77198
1.772
1.77202
1.77204
1.77205
1.77207
1.77209
1.77211
1.77212
1.77214
1.77216
1.77218
1.7722
1.77221
1.77223
1.77225
1.77227
1.77229
1.7723
1.77232
1.77234
1.77236
1.77238
1.7724
1.77241
1.77243
1.77245
1.77247
1.77249
1.77251
1.77252
1.77254
1.77256
1.77258
1.7726
1.77262
1.77264
1.77265
1.77267
1.77269
1.77271
1.77273
1.77275
1.77277
1.77278
1.7728
1.77282
1.77284
1.77286
1.77288
1.7729
1.77291
1.77293
1.77295
1.77297
1.77299
1.77301
1.77303
1.77304
1.77306
1.77308
1.7731
1.77312
1.77314
1.77315
1.77317
1.77319
1.77321
1.77323
1.77325
1.77326
1.77328
1.7733
1.77332
1.77334
1.77336
1.77337
1.77339
1.77341
1.77343
1.77345
1.77346
1.77348
1.7735
1.77352
1.77354
1.77355
1.77357
1.77359
1.77361
1.77362
1.77364
1.77366
1.77367
1.77369
1.7737
1.77372
1.77374
1.77375
1.77377
1.77378
1.7738
1.77381
1.77383
1.77385
1.77386
1.77388
1.7739
1.77392
1.77394
1.77396
1.77398
1.774
1.77402
1.77404
1.77405
1.77407
1.77408
1.77408
1.77407
1.77405
1.774
1.77392
1.77379
1.77359
1.77329
1.77283
1.77213
1.77104
1.76928
1.76628
1.76093
1.75071
1.72976
1.6891
1.7652
1.76809
1.76972
1.77009
1.77026
1.77041
1.77046
1.77047
1.77047
1.77046
1.77046
1.77045
1.77044
1.77043
1.77043
1.77043
1.77042
1.77042
1.77042
1.77042
1.77041
1.77041
1.77041
1.77041
1.77041
1.77041
1.77041
1.77041
1.77041
1.77042
1.77042
1.77042
1.77042
1.77042
1.77042
1.77042
1.77043
1.77043
1.77043
1.77043
1.77044
1.77044
1.77044
1.77044
1.77045
1.77045
1.77045
1.77046
1.77046
1.77047
1.77047
1.77047
1.77048
1.77048
1.77048
1.77049
1.77049
1.7705
1.7705
1.77051
1.77051
1.77052
1.77052
1.77053
1.77053
1.77054
1.77054
1.77055
1.77055
1.77056
1.77056
1.77057
1.77058
1.77058
1.77059
1.77059
1.7706
1.77061
1.77061
1.77062
1.77063
1.77064
1.77064
1.77065
1.77066
1.77067
1.77067
1.77068
1.77069
1.7707
1.77071
1.77071
1.77072
1.77073
1.77074
1.77075
1.77076
1.77077
1.77078
1.77078
1.77079
1.7708
1.77081
1.77082
1.77083
1.77084
1.77085
1.77086
1.77087
1.77088
1.7709
1.77091
1.77092
1.77093
1.77094
1.77095
1.77096
1.77097
1.77098
1.771
1.77101
1.77102
1.77103
1.77104
1.77106
1.77107
1.77108
1.77109
1.77111
1.77112
1.77113
1.77115
1.77116
1.77117
1.77119
1.7712
1.77121
1.77123
1.77124
1.77125
1.77127
1.77128
1.7713
1.77131
1.77132
1.77134
1.77135
1.77137
1.77138
1.7714
1.77141
1.77143
1.77144
1.77146
1.77147
1.77149
1.7715
1.77152
1.77153
1.77155
1.77157
1.77158
1.7716
1.77161
1.77163
1.77164
1.77166
1.77168
1.77169
1.77171
1.77173
1.77174
1.77176
1.77178
1.77179
1.77181
1.77183
1.77184
1.77186
1.77188
1.7719
1.77191
1.77193
1.77195
1.77196
1.77198
1.772
1.77202
1.77203
1.77205
1.77207
1.77209
1.77211
1.77212
1.77214
1.77216
1.77218
1.77219
1.77221
1.77223
1.77225
1.77227
1.77229
1.7723
1.77232
1.77234
1.77236
1.77238
1.77239
1.77241
1.77243
1.77245
1.77247
1.77249
1.77251
1.77252
1.77254
1.77256
1.77258
1.7726
1.77262
1.77264
1.77265
1.77267
1.77269
1.77271
1.77273
1.77275
1.77277
1.77278
1.7728
1.77282
1.77284
1.77286
1.77288
1.7729
1.77291
1.77293
1.77295
1.77297
1.77299
1.77301
1.77302
1.77304
1.77306
1.77308
1.7731
1.77312
1.77314
1.77315
1.77317
1.77319
1.77321
1.77323
1.77325
1.77326
1.77328
1.7733
1.77332
1.77334
1.77336
1.77337
1.77339
1.77341
1.77343
1.77345
1.77346
1.77348
1.7735
1.77352
1.77354
1.77355
1.77357
1.77359
1.7736
1.77362
1.77364
1.77365
1.77367
1.77369
1.7737
1.77372
1.77374
1.77375
1.77377
1.77378
1.7738
1.77381
1.77383
1.77385
1.77386
1.77388
1.7739
1.77392
1.77394
1.77396
1.77398
1.774
1.77402
1.77404
1.77406
1.77407
1.77408
1.77409
1.77408
1.77406
1.77402
1.77395
1.77384
1.77366
1.7734
1.77299
1.77238
1.77141
1.76985
1.76721
1.76246
1.75298
1.73284
1.68597
1.76458
1.76795
1.76969
1.77005
1.77022
1.77035
1.7704
1.77041
1.77041
1.77041
1.77041
1.7704
1.7704
1.77039
1.77039
1.77039
1.77039
1.77039
1.77039
1.77039
1.77038
1.77039
1.77039
1.77039
1.77039
1.77039
1.77039
1.77039
1.77039
1.77039
1.7704
1.7704
1.7704
1.7704
1.7704
1.77041
1.77041
1.77041
1.77041
1.77042
1.77042
1.77042
1.77043
1.77043
1.77043
1.77044
1.77044
1.77044
1.77045
1.77045
1.77046
1.77046
1.77046
1.77047
1.77047
1.77048
1.77048
1.77049
1.77049
1.7705
1.7705
1.77051
1.77051
1.77052
1.77052
1.77053
1.77053
1.77054
1.77054
1.77055
1.77056
1.77056
1.77057
1.77057
1.77058
1.77059
1.77059
1.7706
1.77061
1.77061
1.77062
1.77063
1.77064
1.77064
1.77065
1.77066
1.77067
1.77068
1.77068
1.77069
1.7707
1.77071
1.77072
1.77073
1.77073
1.77074
1.77075
1.77076
1.77077
1.77078
1.77079
1.7708
1.77081
1.77082
1.77083
1.77084
1.77085
1.77086
1.77087
1.77088
1.77089
1.7709
1.77091
1.77092
1.77094
1.77095
1.77096
1.77097
1.77098
1.77099
1.77101
1.77102
1.77103
1.77104
1.77105
1.77107
1.77108
1.77109
1.7711
1.77112
1.77113
1.77114
1.77116
1.77117
1.77118
1.7712
1.77121
1.77122
1.77124
1.77125
1.77126
1.77128
1.77129
1.77131
1.77132
1.77134
1.77135
1.77137
1.77138
1.77139
1.77141
1.77142
1.77144
1.77145
1.77147
1.77149
1.7715
1.77152
1.77153
1.77155
1.77156
1.77158
1.7716
1.77161
1.77163
1.77164
1.77166
1.77168
1.77169
1.77171
1.77173
1.77174
1.77176
1.77178
1.77179
1.77181
1.77183
1.77184
1.77186
1.77188
1.77189
1.77191
1.77193
1.77195
1.77196
1.77198
1.772
1.77202
1.77203
1.77205
1.77207
1.77209
1.7721
1.77212
1.77214
1.77216
1.77218
1.77219
1.77221
1.77223
1.77225
1.77227
1.77228
1.7723
1.77232
1.77234
1.77236
1.77238
1.77239
1.77241
1.77243
1.77245
1.77247
1.77249
1.7725
1.77252
1.77254
1.77256
1.77258
1.7726
1.77262
1.77263
1.77265
1.77267
1.77269
1.77271
1.77273
1.77275
1.77276
1.77278
1.7728
1.77282
1.77284
1.77286
1.77288
1.77289
1.77291
1.77293
1.77295
1.77297
1.77299
1.77301
1.77302
1.77304
1.77306
1.77308
1.7731
1.77312
1.77313
1.77315
1.77317
1.77319
1.77321
1.77323
1.77324
1.77326
1.77328
1.7733
1.77332
1.77334
1.77335
1.77337
1.77339
1.77341
1.77343
1.77345
1.77346
1.77348
1.7735
1.77352
1.77353
1.77355
1.77357
1.77359
1.7736
1.77362
1.77364
1.77365
1.77367
1.77369
1.7737
1.77372
1.77373
1.77375
1.77377
1.77378
1.7738
1.77381
1.77383
1.77385
1.77386
1.77388
1.7739
1.77392
1.77393
1.77395
1.77397
1.774
1.77402
1.77404
1.77406
1.77407
1.77409
1.7741
1.7741
1.77408
1.77405
1.77399
1.7739
1.77375
1.77351
1.77316
1.77263
1.77179
1.77044
1.76817
1.76413
1.75582
1.73775
1.6835
1.76423
1.76778
1.76955
1.76994
1.77012
1.77025
1.77031
1.77033
1.77034
1.77034
1.77035
1.77035
1.77035
1.77035
1.77035
1.77035
1.77035
1.77035
1.77035
1.77035
1.77035
1.77035
1.77036
1.77036
1.77036
1.77036
1.77036
1.77037
1.77037
1.77037
1.77037
1.77038
1.77038
1.77038
1.77038
1.77039
1.77039
1.77039
1.7704
1.7704
1.7704
1.77041
1.77041
1.77041
1.77042
1.77042
1.77043
1.77043
1.77043
1.77044
1.77044
1.77045
1.77045
1.77046
1.77046
1.77046
1.77047
1.77047
1.77048
1.77048
1.77049
1.77049
1.7705
1.77051
1.77051
1.77052
1.77052
1.77053
1.77053
1.77054
1.77055
1.77055
1.77056
1.77057
1.77057
1.77058
1.77059
1.77059
1.7706
1.77061
1.77061
1.77062
1.77063
1.77064
1.77065
1.77065
1.77066
1.77067
1.77068
1.77069
1.77069
1.7707
1.77071
1.77072
1.77073
1.77074
1.77075
1.77076
1.77077
1.77078
1.77079
1.77079
1.7708
1.77081
1.77082
1.77084
1.77085
1.77086
1.77087
1.77088
1.77089
1.7709
1.77091
1.77092
1.77093
1.77094
1.77095
1.77097
1.77098
1.77099
1.771
1.77101
1.77103
1.77104
1.77105
1.77106
1.77108
1.77109
1.7711
1.77111
1.77113
1.77114
1.77115
1.77117
1.77118
1.77119
1.77121
1.77122
1.77123
1.77125
1.77126
1.77128
1.77129
1.7713
1.77132
1.77133
1.77135
1.77136
1.77138
1.77139
1.77141
1.77142
1.77144
1.77145
1.77147
1.77148
1.7715
1.77151
1.77153
1.77155
1.77156
1.77158
1.77159
1.77161
1.77163
1.77164
1.77166
1.77167
1.77169
1.77171
1.77172
1.77174
1.77176
1.77177
1.77179
1.77181
1.77182
1.77184
1.77186
1.77188
1.77189
1.77191
1.77193
1.77194
1.77196
1.77198
1.772
1.77201
1.77203
1.77205
1.77207
1.77208
1.7721
1.77212
1.77214
1.77216
1.77217
1.77219
1.77221
1.77223
1.77225
1.77226
1.77228
1.7723
1.77232
1.77234
1.77236
1.77237
1.77239
1.77241
1.77243
1.77245
1.77247
1.77248
1.7725
1.77252
1.77254
1.77256
1.77258
1.7726
1.77261
1.77263
1.77265
1.77267
1.77269
1.77271
1.77273
1.77275
1.77276
1.77278
1.7728
1.77282
1.77284
1.77286
1.77288
1.77289
1.77291
1.77293
1.77295
1.77297
1.77299
1.773
1.77302
1.77304
1.77306
1.77308
1.7731
1.77312
1.77313
1.77315
1.77317
1.77319
1.77321
1.77323
1.77324
1.77326
1.77328
1.7733
1.77332
1.77334
1.77335
1.77337
1.77339
1.77341
1.77343
1.77344
1.77346
1.77348
1.7735
1.77352
1.77353
1.77355
1.77357
1.77359
1.7736
1.77362
1.77364
1.77365
1.77367
1.77369
1.7737
1.77372
1.77373
1.77375
1.77376
1.77378
1.7738
1.77381
1.77383
1.77384
1.77386
1.77388
1.7739
1.77391
1.77393
1.77395
1.77397
1.77399
1.77402
1.77404
1.77406
1.77408
1.77409
1.77411
1.77411
1.7741
1.77408
1.77403
1.77396
1.77383
1.77363
1.77334
1.77288
1.77217
1.77104
1.76915
1.76586
1.75927
1.7455
1.69517
1.64218
1.59541
1.57295
1.55985
1.54698
1.53591
1.52675
1.51798
1.50919
1.50057
1.49211
1.48375
1.47547
1.46729
1.4592
1.45119
1.44325
1.43538
1.42757
1.41984
1.64161
1.59471
1.57258
1.55971
1.54694
1.5359
1.52677
1.51801
1.50922
1.5006
1.49214
1.48378
1.4755
1.46732
1.45923
1.45121
1.44327
1.4354
1.42759
1.41986
1.63932
1.59247
1.57158
1.55924
1.54662
1.53574
1.5267
1.51796
1.50918
1.50057
1.49211
1.48375
1.47548
1.4673
1.45921
1.45119
1.44325
1.43538
1.42758
1.41984
1.63565
1.58907
1.57021
1.55857
1.54615
1.53553
1.52661
1.5179
1.50914
1.50054
1.49209
1.48373
1.47546
1.46728
1.45919
1.45118
1.44324
1.43537
1.42757
1.41983
1.63026
1.58448
1.56851
1.5577
1.54554
1.53528
1.52652
1.51783
1.50909
1.5005
1.49206
1.4837
1.47544
1.46726
1.45917
1.45116
1.44323
1.43536
1.42756
1.41982
1.62264
1.57867
1.56654
1.55664
1.54485
1.53503
1.52642
1.51775
1.50904
1.50047
1.49203
1.48368
1.47541
1.46724
1.45915
1.45115
1.44321
1.43535
1.42754
1.4198
1.6122
1.57175
1.56442
1.55547
1.54415
1.53482
1.52635
1.51769
1.509
1.50045
1.49201
1.48366
1.4754
1.46723
1.45914
1.45113
1.4432
1.43534
1.42753
1.41979
1.59841
1.56409
1.56235
1.55428
1.54355
1.53468
1.5263
1.51764
1.50898
1.50043
1.49199
1.48364
1.47538
1.46721
1.45913
1.45112
1.44319
1.43533
1.42753
1.41978
1.5808
1.55658
1.56063
1.55324
1.54314
1.53463
1.52626
1.51761
1.50896
1.50042
1.49198
1.48363
1.47537
1.4672
1.45912
1.45111
1.44318
1.43532
1.42752
1.41978
1.55894
1.55044
1.55953
1.55251
1.54296
1.53462
1.52623
1.51758
1.50895
1.50041
1.49196
1.48361
1.47536
1.46719
1.45911
1.4511
1.44317
1.43531
1.42751
1.41977
1.53377
1.54642
1.55892
1.5521
1.54294
1.53463
1.5262
1.51756
1.50892
1.50038
1.49194
1.48359
1.47534
1.46717
1.45909
1.45109
1.44316
1.4353
1.4275
1.41976
1.51175
1.5445
1.5584
1.5519
1.543
1.53462
1.52616
1.51753
1.5089
1.50036
1.49192
1.48357
1.47532
1.46715
1.45907
1.45107
1.44315
1.43529
1.42749
1.41975
1.40829
1.39308
1.37806
1.36317
1.3484
1.33372
1.31914
1.30462
1.29017
1.27578
1.40831
1.39309
1.37807
1.36318
1.3484
1.33373
1.31914
1.30463
1.29018
1.27578
1.4083
1.39309
1.37807
1.36317
1.3484
1.33372
1.31914
1.30462
1.29017
1.27578
1.40829
1.39308
1.37806
1.36317
1.34839
1.33372
1.31913
1.30462
1.29017
1.27578
1.40828
1.39308
1.37806
1.36317
1.34839
1.33372
1.31913
1.30462
1.29017
1.27577
1.40827
1.39307
1.37805
1.36316
1.34839
1.33372
1.31913
1.30462
1.29017
1.27577
1.40826
1.39307
1.37805
1.36316
1.34838
1.33371
1.31913
1.30462
1.29017
1.27577
1.40826
1.39307
1.37804
1.36315
1.34838
1.33371
1.31913
1.30461
1.29017
1.27577
1.40825
1.39307
1.37804
1.36315
1.34838
1.33371
1.31912
1.30461
1.29016
1.27577
1.40824
1.39306
1.37804
1.36315
1.34838
1.33371
1.31912
1.30461
1.29016
1.27577
1.40823
1.39305
1.37803
1.36314
1.34837
1.3337
1.31912
1.30461
1.29016
1.27577
1.40823
1.39305
1.37802
1.36314
1.34837
1.3337
1.31912
1.30461
1.29016
1.27576
1.26143
1.24712
1.23284
1.21859
1.20437
1.19017
1.17598
1.16181
1.14766
1.13351
1.11938
1.10525
1.09114
1.07702
1.06292
1.04881
1.03471
1.02062
1.00653
0.992436
0.978348
0.964261
0.950176
0.936093
0.92201
0.907929
0.893848
0.879768
0.865688
0.851609
0.837531
0.823453
0.809375
0.795297
0.78122
0.767143
0.753066
0.738989
0.724913
0.710836
0.69676
0.682683
0.668607
0.654531
0.640455
0.626378
0.612302
0.598226
0.58415
0.570074
0.555998
0.541922
0.527846
0.51377
0.499694
0.485618
0.471542
0.457467
0.443391
0.429315
0.415239
0.401163
0.387087
0.373011
0.358935
0.344859
0.330783
0.316707
0.302632
0.288556
0.27448
0.260404
0.246328
0.232252
0.218176
0.2041
0.190024
0.175949
0.161873
0.147797
0.133721
0.119645
0.105569
0.0914933
0.0774174
0.0633415
0.0492656
0.0351897
0.0211138
0.00703794
1.26143
1.24712
1.23284
1.21859
1.20437
1.19017
1.17598
1.16181
1.14766
1.13351
1.11938
1.10525
1.09114
1.07702
1.06292
1.04881
1.03471
1.02062
1.00653
0.992436
0.978348
0.964261
0.950177
0.936093
0.92201
0.907929
0.893848
0.879768
0.865688
0.851609
0.837531
0.823453
0.809375
0.795297
0.78122
0.767143
0.753066
0.738989
0.724913
0.710836
0.69676
0.682683
0.668607
0.654531
0.640455
0.626378
0.612302
0.598226
0.58415
0.570074
0.555998
0.541922
0.527846
0.51377
0.499694
0.485618
0.471542
0.457467
0.443391
0.429315
0.415239
0.401163
0.387087
0.373011
0.358935
0.344859
0.330783
0.316707
0.302632
0.288556
0.27448
0.260404
0.246328
0.232252
0.218176
0.2041
0.190024
0.175949
0.161873
0.147797
0.133721
0.119645
0.105569
0.0914933
0.0774174
0.0633415
0.0492656
0.0351897
0.0211138
0.00703794
1.26143
1.24712
1.23284
1.21859
1.20437
1.19017
1.17598
1.16181
1.14766
1.13351
1.11938
1.10525
1.09114
1.07702
1.06292
1.04881
1.03471
1.02062
1.00653
0.992436
0.978348
0.964261
0.950176
0.936093
0.92201
0.907929
0.893848
0.879768
0.865688
0.851609
0.837531
0.823453
0.809375
0.795297
0.78122
0.767143
0.753066
0.738989
0.724913
0.710836
0.69676
0.682683
0.668607
0.654531
0.640455
0.626378
0.612302
0.598226
0.58415
0.570074
0.555998
0.541922
0.527846
0.51377
0.499694
0.485618
0.471542
0.457467
0.443391
0.429315
0.415239
0.401163
0.387087
0.373011
0.358935
0.344859
0.330783
0.316707
0.302632
0.288556
0.27448
0.260404
0.246328
0.232252
0.218176
0.2041
0.190024
0.175949
0.161873
0.147797
0.133721
0.119645
0.105569
0.0914933
0.0774174
0.0633415
0.0492656
0.0351897
0.0211138
0.00703794
1.26143
1.24712
1.23284
1.21859
1.20437
1.19017
1.17598
1.16181
1.14766
1.13351
1.11938
1.10525
1.09114
1.07702
1.06292
1.04881
1.03471
1.02062
1.00653
0.992436
0.978348
0.964261
0.950176
0.936093
0.92201
0.907929
0.893848
0.879768
0.865688
0.851609
0.837531
0.823453
0.809375
0.795297
0.78122
0.767143
0.753066
0.738989
0.724913
0.710836
0.69676
0.682683
0.668607
0.654531
0.640455
0.626378
0.612302
0.598226
0.58415
0.570074
0.555998
0.541922
0.527846
0.51377
0.499694
0.485618
0.471542
0.457467
0.443391
0.429315
0.415239
0.401163
0.387087
0.373011
0.358935
0.344859
0.330783
0.316707
0.302632
0.288556
0.27448
0.260404
0.246328
0.232252
0.218176
0.2041
0.190024
0.175949
0.161873
0.147797
0.133721
0.119645
0.105569
0.0914933
0.0774174
0.0633415
0.0492656
0.0351897
0.0211138
0.00703794
1.26142
1.24711
1.23284
1.21859
1.20437
1.19016
1.17598
1.16181
1.14766
1.13351
1.11938
1.10525
1.09114
1.07702
1.06292
1.04881
1.03471
1.02062
1.00653
0.992436
0.978348
0.964261
0.950176
0.936093
0.92201
0.907929
0.893848
0.879768
0.865688
0.851609
0.837531
0.823453
0.809375
0.795297
0.78122
0.767143
0.753066
0.738989
0.724913
0.710836
0.69676
0.682683
0.668607
0.654531
0.640455
0.626378
0.612302
0.598226
0.58415
0.570074
0.555998
0.541922
0.527846
0.51377
0.499694
0.485618
0.471542
0.457467
0.443391
0.429315
0.415239
0.401163
0.387087
0.373011
0.358935
0.344859
0.330783
0.316707
0.302632
0.288556
0.27448
0.260404
0.246328
0.232252
0.218176
0.2041
0.190024
0.175949
0.161873
0.147797
0.133721
0.119645
0.105569
0.0914933
0.0774174
0.0633415
0.0492656
0.0351897
0.0211138
0.00703794
1.26142
1.24711
1.23284
1.21859
1.20437
1.19016
1.17598
1.16181
1.14766
1.13351
1.11938
1.10525
1.09114
1.07702
1.06292
1.04881
1.03471
1.02062
1.00653
0.992436
0.978348
0.964261
0.950176
0.936093
0.92201
0.907929
0.893848
0.879768
0.865688
0.851609
0.837531
0.823453
0.809375
0.795297
0.78122
0.767143
0.753066
0.738989
0.724913
0.710836
0.69676
0.682683
0.668607
0.654531
0.640455
0.626378
0.612302
0.598226
0.58415
0.570074
0.555998
0.541922
0.527846
0.51377
0.499694
0.485618
0.471542
0.457467
0.443391
0.429315
0.415239
0.401163
0.387087
0.373011
0.358935
0.344859
0.330783
0.316707
0.302632
0.288556
0.27448
0.260404
0.246328
0.232252
0.218176
0.2041
0.190024
0.175949
0.161873
0.147797
0.133721
0.119645
0.105569
0.0914933
0.0774174
0.0633415
0.0492656
0.0351897
0.0211138
0.00703794
1.26142
1.24711
1.23284
1.21859
1.20437
1.19016
1.17598
1.16181
1.14766
1.13351
1.11938
1.10525
1.09114
1.07702
1.06292
1.04881
1.03471
1.02062
1.00653
0.992436
0.978348
0.964261
0.950176
0.936093
0.92201
0.907929
0.893848
0.879768
0.865688
0.851609
0.837531
0.823453
0.809375
0.795297
0.78122
0.767143
0.753066
0.738989
0.724913
0.710836
0.69676
0.682683
0.668607
0.654531
0.640455
0.626378
0.612302
0.598226
0.58415
0.570074
0.555998
0.541922
0.527846
0.51377
0.499694
0.485618
0.471542
0.457467
0.443391
0.429315
0.415239
0.401163
0.387087
0.373011
0.358935
0.344859
0.330783
0.316707
0.302632
0.288556
0.27448
0.260404
0.246328
0.232252
0.218176
0.2041
0.190024
0.175949
0.161873
0.147797
0.133721
0.119645
0.105569
0.0914933
0.0774174
0.0633415
0.0492656
0.0351897
0.0211138
0.00703794
1.26142
1.24711
1.23284
1.21859
1.20437
1.19016
1.17598
1.16181
1.14766
1.13351
1.11938
1.10525
1.09114
1.07702
1.06292
1.04881
1.03471
1.02062
1.00653
0.992436
0.978348
0.964261
0.950176
0.936093
0.92201
0.907929
0.893848
0.879768
0.865688
0.851609
0.837531
0.823453
0.809375
0.795297
0.78122
0.767143
0.753066
0.738989
0.724913
0.710836
0.69676
0.682683
0.668607
0.654531
0.640455
0.626378
0.612302
0.598226
0.58415
0.570074
0.555998
0.541922
0.527846
0.51377
0.499694
0.485618
0.471542
0.457467
0.443391
0.429315
0.415239
0.401163
0.387087
0.373011
0.358935
0.344859
0.330783
0.316707
0.302632
0.288556
0.27448
0.260404
0.246328
0.232252
0.218176
0.2041
0.190024
0.175949
0.161873
0.147797
0.133721
0.119645
0.105569
0.0914933
0.0774174
0.0633415
0.0492656
0.0351897
0.0211138
0.00703794
1.26142
1.24711
1.23283
1.21859
1.20436
1.19016
1.17598
1.16181
1.14766
1.13351
1.11938
1.10525
1.09114
1.07702
1.06292
1.04881
1.03471
1.02062
1.00653
0.992436
0.978348
0.964261
0.950176
0.936093
0.92201
0.907929
0.893848
0.879768
0.865688
0.851609
0.837531
0.823453
0.809375
0.795297
0.78122
0.767143
0.753066
0.738989
0.724913
0.710836
0.69676
0.682683
0.668607
0.654531
0.640455
0.626378
0.612302
0.598226
0.58415
0.570074
0.555998
0.541922
0.527846
0.51377
0.499694
0.485618
0.471542
0.457467
0.443391
0.429315
0.415239
0.401163
0.387087
0.373011
0.358935
0.344859
0.330783
0.316707
0.302632
0.288556
0.27448
0.260404
0.246328
0.232252
0.218176
0.2041
0.190024
0.175949
0.161873
0.147797
0.133721
0.119645
0.105569
0.0914933
0.0774174
0.0633415
0.0492656
0.0351897
0.0211138
0.00703794
1.26142
1.24711
1.23283
1.21859
1.20436
1.19016
1.17598
1.16181
1.14766
1.13351
1.11938
1.10525
1.09113
1.07702
1.06292
1.04881
1.03471
1.02062
1.00653
0.992436
0.978348
0.964261
0.950176
0.936093
0.92201
0.907929
0.893848
0.879768
0.865688
0.851609
0.837531
0.823453
0.809375
0.795297
0.78122
0.767143
0.753066
0.738989
0.724913
0.710836
0.69676
0.682683
0.668607
0.654531
0.640455
0.626378
0.612302
0.598226
0.58415
0.570074
0.555998
0.541922
0.527846
0.51377
0.499694
0.485618
0.471542
0.457467
0.443391
0.429315
0.415239
0.401163
0.387087
0.373011
0.358935
0.344859
0.330783
0.316707
0.302632
0.288556
0.27448
0.260404
0.246328
0.232252
0.218176
0.2041
0.190024
0.175949
0.161873
0.147797
0.133721
0.119645
0.105569
0.0914933
0.0774174
0.0633415
0.0492656
0.0351897
0.0211138
0.00703794
1.26142
1.24711
1.23283
1.21859
1.20436
1.19016
1.17598
1.16181
1.14766
1.13351
1.11938
1.10525
1.09113
1.07702
1.06292
1.04881
1.03471
1.02062
1.00653
0.992436
0.978348
0.964261
0.950176
0.936093
0.92201
0.907928
0.893848
0.879768
0.865688
0.851609
0.837531
0.823453
0.809375
0.795297
0.78122
0.767143
0.753066
0.738989
0.724913
0.710836
0.69676
0.682683
0.668607
0.654531
0.640455
0.626378
0.612302
0.598226
0.58415
0.570074
0.555998
0.541922
0.527846
0.51377
0.499694
0.485618
0.471542
0.457467
0.443391
0.429315
0.415239
0.401163
0.387087
0.373011
0.358935
0.344859
0.330783
0.316707
0.302632
0.288556
0.27448
0.260404
0.246328
0.232252
0.218176
0.2041
0.190024
0.175949
0.161873
0.147797
0.133721
0.119645
0.105569
0.0914933
0.0774174
0.0633415
0.0492656
0.0351897
0.0211138
0.00703794
1.26142
1.24711
1.23283
1.21858
1.20436
1.19016
1.17598
1.16181
1.14766
1.13351
1.11938
1.10525
1.09113
1.07702
1.06292
1.04881
1.03471
1.02062
1.00653
0.992436
0.978347
0.964261
0.950176
0.936093
0.92201
0.907928
0.893848
0.879768
0.865688
0.851609
0.837531
0.823453
0.809375
0.795297
0.78122
0.767143
0.753066
0.738989
0.724913
0.710836
0.69676
0.682683
0.668607
0.654531
0.640455
0.626378
0.612302
0.598226
0.58415
0.570074
0.555998
0.541922
0.527846
0.51377
0.499694
0.485618
0.471542
0.457467
0.443391
0.429315
0.415239
0.401163
0.387087
0.373011
0.358935
0.344859
0.330783
0.316707
0.302632
0.288556
0.27448
0.260404
0.246328
0.232252
0.218176
0.2041
0.190024
0.175949
0.161873
0.147797
0.133721
0.119645
0.105569
0.0914933
0.0774174
0.0633415
0.0492656
0.0351897
0.0211138
0.00703794
1.76519
1.76763
1.76902
1.7695
1.76974
1.76991
1.77001
1.77007
1.77011
1.77013
1.77016
1.77018
1.77019
1.7702
1.77021
1.77022
1.77023
1.77024
1.77025
1.77025
1.77026
1.77027
1.77027
1.77028
1.77028
1.77029
1.77029
1.77029
1.7703
1.7703
1.77031
1.77031
1.77032
1.77032
1.77033
1.77033
1.77033
1.77034
1.77034
1.77035
1.77035
1.77036
1.77036
1.77037
1.77037
1.77038
1.77038
1.77039
1.77039
1.7704
1.7704
1.77041
1.77041
1.77042
1.77042
1.77043
1.77043
1.77044
1.77045
1.77045
1.77046
1.77046
1.77047
1.77048
1.77048
1.77049
1.77049
1.7705
1.77051
1.77051
1.77052
1.77053
1.77053
1.77054
1.77055
1.77056
1.77056
1.77057
1.77058
1.77059
1.77059
1.7706
1.77061
1.77062
1.77063
1.77063
1.77064
1.77065
1.77066
1.77067
1.77068
1.77069
1.7707
1.7707
1.77071
1.77072
1.77073
1.77074
1.77075
1.77076
1.77077
1.77078
1.77079
1.7708
1.77081
1.77082
1.77083
1.77084
1.77085
1.77087
1.77088
1.77089
1.7709
1.77091
1.77092
1.77093
1.77094
1.77096
1.77097
1.77098
1.77099
1.771
1.77102
1.77103
1.77104
1.77105
1.77107
1.77108
1.77109
1.77111
1.77112
1.77113
1.77115
1.77116
1.77117
1.77119
1.7712
1.77121
1.77123
1.77124
1.77126
1.77127
1.77128
1.7713
1.77131
1.77133
1.77134
1.77136
1.77137
1.77139
1.7714
1.77142
1.77143
1.77145
1.77146
1.77148
1.77149
1.77151
1.77153
1.77154
1.77156
1.77157
1.77159
1.7716
1.77162
1.77164
1.77165
1.77167
1.77169
1.7717
1.77172
1.77174
1.77175
1.77177
1.77179
1.7718
1.77182
1.77184
1.77185
1.77187
1.77189
1.77191
1.77192
1.77194
1.77196
1.77198
1.77199
1.77201
1.77203
1.77205
1.77206
1.77208
1.7721
1.77212
1.77214
1.77215
1.77217
1.77219
1.77221
1.77223
1.77224
1.77226
1.77228
1.7723
1.77232
1.77233
1.77235
1.77237
1.77239
1.77241
1.77243
1.77245
1.77246
1.77248
1.7725
1.77252
1.77254
1.77256
1.77258
1.77259
1.77261
1.77263
1.77265
1.77267
1.77269
1.77271
1.77272
1.77274
1.77276
1.77278
1.7728
1.77282
1.77284
1.77285
1.77287
1.77289
1.77291
1.77293
1.77295
1.77297
1.77298
1.773
1.77302
1.77304
1.77306
1.77308
1.7731
1.77311
1.77313
1.77315
1.77317
1.77319
1.77321
1.77322
1.77324
1.77326
1.77328
1.7733
1.77332
1.77333
1.77335
1.77337
1.77339
1.77341
1.77342
1.77344
1.77346
1.77348
1.7735
1.77351
1.77353
1.77355
1.77357
1.77358
1.7736
1.77362
1.77364
1.77365
1.77367
1.77368
1.7737
1.77372
1.77373
1.77375
1.77376
1.77378
1.77379
1.77381
1.77382
1.77384
1.77386
1.77387
1.77389
1.77391
1.77393
1.77395
1.77397
1.77399
1.77401
1.77404
1.77406
1.77408
1.77411
1.77412
1.77414
1.77415
1.77415
1.77413
1.77409
1.77402
1.77391
1.77372
1.77344
1.77301
1.77234
1.77127
1.76954
1.76663
1.76157
1.74994
1.76802
1.76873
1.76929
1.76959
1.76976
1.76987
1.76995
1.77
1.77004
1.77007
1.7701
1.77012
1.77013
1.77015
1.77016
1.77017
1.77018
1.77019
1.7702
1.77021
1.77022
1.77022
1.77023
1.77024
1.77024
1.77025
1.77025
1.77026
1.77027
1.77027
1.77028
1.77028
1.77029
1.77029
1.7703
1.7703
1.77031
1.77031
1.77032
1.77032
1.77033
1.77033
1.77034
1.77034
1.77035
1.77035
1.77036
1.77036
1.77037
1.77038
1.77038
1.77039
1.77039
1.7704
1.7704
1.77041
1.77042
1.77042
1.77043
1.77043
1.77044
1.77045
1.77045
1.77046
1.77046
1.77047
1.77048
1.77048
1.77049
1.7705
1.77051
1.77051
1.77052
1.77053
1.77053
1.77054
1.77055
1.77056
1.77056
1.77057
1.77058
1.77059
1.7706
1.7706
1.77061
1.77062
1.77063
1.77064
1.77065
1.77066
1.77067
1.77067
1.77068
1.77069
1.7707
1.77071
1.77072
1.77073
1.77074
1.77075
1.77076
1.77077
1.77078
1.77079
1.7708
1.77081
1.77082
1.77083
1.77085
1.77086
1.77087
1.77088
1.77089
1.7709
1.77091
1.77092
1.77094
1.77095
1.77096
1.77097
1.77098
1.771
1.77101
1.77102
1.77103
1.77105
1.77106
1.77107
1.77109
1.7711
1.77111
1.77112
1.77114
1.77115
1.77117
1.77118
1.77119
1.77121
1.77122
1.77123
1.77125
1.77126
1.77128
1.77129
1.77131
1.77132
1.77134
1.77135
1.77137
1.77138
1.7714
1.77141
1.77143
1.77144
1.77146
1.77147
1.77149
1.7715
1.77152
1.77153
1.77155
1.77157
1.77158
1.7716
1.77162
1.77163
1.77165
1.77166
1.77168
1.7717
1.77171
1.77173
1.77175
1.77176
1.77178
1.7718
1.77181
1.77183
1.77185
1.77187
1.77188
1.7719
1.77192
1.77194
1.77195
1.77197
1.77199
1.77201
1.77202
1.77204
1.77206
1.77208
1.77209
1.77211
1.77213
1.77215
1.77217
1.77218
1.7722
1.77222
1.77224
1.77226
1.77228
1.77229
1.77231
1.77233
1.77235
1.77237
1.77239
1.7724
1.77242
1.77244
1.77246
1.77248
1.7725
1.77252
1.77253
1.77255
1.77257
1.77259
1.77261
1.77263
1.77265
1.77266
1.77268
1.7727
1.77272
1.77274
1.77276
1.77278
1.77279
1.77281
1.77283
1.77285
1.77287
1.77289
1.77291
1.77293
1.77294
1.77296
1.77298
1.773
1.77302
1.77304
1.77305
1.77307
1.77309
1.77311
1.77313
1.77315
1.77317
1.77318
1.7732
1.77322
1.77324
1.77326
1.77328
1.77329
1.77331
1.77333
1.77335
1.77337
1.77339
1.7734
1.77342
1.77344
1.77346
1.77348
1.77349
1.77351
1.77353
1.77355
1.77356
1.77358
1.7736
1.77362
1.77363
1.77365
1.77367
1.77368
1.7737
1.77371
1.77373
1.77374
1.77376
1.77377
1.77379
1.7738
1.77382
1.77384
1.77385
1.77387
1.77388
1.7739
1.77392
1.77394
1.77396
1.77399
1.77401
1.77404
1.77406
1.77409
1.77412
1.77415
1.77418
1.77421
1.77423
1.77426
1.77427
1.77427
1.77426
1.77422
1.77414
1.77401
1.77379
1.77344
1.77285
1.77192
1.77051
1.76841
1.77012
1.77004
1.77005
1.77006
1.77008
1.77009
1.7701
1.77011
1.77012
1.77013
1.77014
1.77015
1.77016
1.77016
1.77017
1.77018
1.77018
1.77019
1.7702
1.7702
1.77021
1.77021
1.77022
1.77022
1.77022
1.77023
1.77023
1.77024
1.77024
1.77025
1.77025
1.77025
1.77026
1.77026
1.77027
1.77027
1.77027
1.77028
1.77028
1.77029
1.77029
1.7703
1.7703
1.7703
1.77031
1.77031
1.77032
1.77032
1.77033
1.77033
1.77034
1.77034
1.77035
1.77035
1.77036
1.77036
1.77037
1.77037
1.77038
1.77039
1.77039
1.7704
1.7704
1.77041
1.77042
1.77042
1.77043
1.77044
1.77044
1.77045
1.77046
1.77047
1.77047
1.77048
1.77049
1.7705
1.7705
1.77051
1.77052
1.77053
1.77054
1.77054
1.77055
1.77056
1.77057
1.77058
1.77059
1.7706
1.77061
1.77061
1.77062
1.77063
1.77064
1.77065
1.77066
1.77067
1.77068
1.77069
1.7707
1.77071
1.77072
1.77073
1.77075
1.77076
1.77077
1.77078
1.77079
1.7708
1.77081
1.77082
1.77083
1.77085
1.77086
1.77087
1.77088
1.77089
1.77091
1.77092
1.77093
1.77094
1.77095
1.77097
1.77098
1.77099
1.77101
1.77102
1.77103
1.77105
1.77106
1.77107
1.77109
1.7711
1.77111
1.77113
1.77114
1.77115
1.77117
1.77118
1.7712
1.77121
1.77123
1.77124
1.77126
1.77127
1.77129
1.7713
1.77131
1.77133
1.77135
1.77136
1.77138
1.77139
1.77141
1.77142
1.77144
1.77145
1.77147
1.77149
1.7715
1.77152
1.77153
1.77155
1.77157
1.77158
1.7716
1.77162
1.77163
1.77165
1.77166
1.77168
1.7717
1.77172
1.77173
1.77175
1.77177
1.77178
1.7718
1.77182
1.77184
1.77185
1.77187
1.77189
1.77191
1.77192
1.77194
1.77196
1.77198
1.77199
1.77201
1.77203
1.77205
1.77207
1.77208
1.7721
1.77212
1.77214
1.77216
1.77217
1.77219
1.77221
1.77223
1.77225
1.77227
1.77228
1.7723
1.77232
1.77234
1.77236
1.77238
1.77239
1.77241
1.77243
1.77245
1.77247
1.77249
1.77251
1.77253
1.77254
1.77256
1.77258
1.7726
1.77262
1.77264
1.77266
1.77267
1.77269
1.77271
1.77273
1.77275
1.77277
1.77279
1.77281
1.77282
1.77284
1.77286
1.77288
1.7729
1.77292
1.77294
1.77296
1.77297
1.77299
1.77301
1.77303
1.77305
1.77307
1.77308
1.7731
1.77312
1.77314
1.77316
1.77318
1.7732
1.77321
1.77323
1.77325
1.77327
1.77329
1.77331
1.77332
1.77334
1.77336
1.77338
1.7734
1.77342
1.77343
1.77345
1.77347
1.77349
1.77351
1.77352
1.77354
1.77356
1.77358
1.77359
1.77361
1.77363
1.77364
1.77366
1.77368
1.77369
1.77371
1.77372
1.77374
1.77375
1.77377
1.77378
1.7738
1.77381
1.77383
1.77384
1.77386
1.77387
1.77389
1.77391
1.77393
1.77395
1.77397
1.774
1.77403
1.77406
1.7741
1.77414
1.77419
1.77424
1.7743
1.77436
1.77444
1.77452
1.77462
1.77472
1.77484
1.77497
1.7751
1.77524
1.77536
1.77545
1.77547
1.77542
1.77531
1.77016
1.77013
1.77012
1.77012
1.77013
1.77014
1.77015
1.77015
1.77016
1.77017
1.77017
1.77018
1.77018
1.77019
1.77019
1.7702
1.7702
1.77021
1.77021
1.77021
1.77022
1.77022
1.77022
1.77023
1.77023
1.77024
1.77024
1.77024
1.77025
1.77025
1.77025
1.77026
1.77026
1.77027
1.77027
1.77027
1.77028
1.77028
1.77029
1.77029
1.77029
1.7703
1.7703
1.77031
1.77031
1.77032
1.77032
1.77033
1.77033
1.77034
1.77034
1.77035
1.77035
1.77036
1.77036
1.77037
1.77037
1.77038
1.77039
1.77039
1.7704
1.7704
1.77041
1.77042
1.77042
1.77043
1.77044
1.77044
1.77045
1.77046
1.77046
1.77047
1.77048
1.77048
1.77049
1.7705
1.77051
1.77051
1.77052
1.77053
1.77054
1.77055
1.77056
1.77056
1.77057
1.77058
1.77059
1.7706
1.77061
1.77062
1.77062
1.77063
1.77064
1.77065
1.77066
1.77067
1.77068
1.77069
1.7707
1.77071
1.77072
1.77073
1.77074
1.77075
1.77076
1.77078
1.77079
1.7708
1.77081
1.77082
1.77083
1.77084
1.77085
1.77087
1.77088
1.77089
1.7709
1.77091
1.77093
1.77094
1.77095
1.77096
1.77097
1.77099
1.771
1.77101
1.77103
1.77104
1.77105
1.77107
1.77108
1.77109
1.77111
1.77112
1.77113
1.77115
1.77116
1.77118
1.77119
1.7712
1.77122
1.77123
1.77125
1.77126
1.77128
1.77129
1.77131
1.77132
1.77134
1.77135
1.77137
1.77138
1.7714
1.77141
1.77143
1.77145
1.77146
1.77148
1.77149
1.77151
1.77153
1.77154
1.77156
1.77157
1.77159
1.77161
1.77162
1.77164
1.77166
1.77167
1.77169
1.77171
1.77172
1.77174
1.77176
1.77178
1.77179
1.77181
1.77183
1.77184
1.77186
1.77188
1.7719
1.77191
1.77193
1.77195
1.77197
1.77198
1.772
1.77202
1.77204
1.77206
1.77207
1.77209
1.77211
1.77213
1.77215
1.77217
1.77218
1.7722
1.77222
1.77224
1.77226
1.77228
1.77229
1.77231
1.77233
1.77235
1.77237
1.77239
1.7724
1.77242
1.77244
1.77246
1.77248
1.7725
1.77252
1.77254
1.77255
1.77257
1.77259
1.77261
1.77263
1.77265
1.77267
1.77269
1.7727
1.77272
1.77274
1.77276
1.77278
1.7728
1.77282
1.77284
1.77285
1.77287
1.77289
1.77291
1.77293
1.77295
1.77297
1.77298
1.773
1.77302
1.77304
1.77306
1.77308
1.7731
1.77311
1.77313
1.77315
1.77317
1.77319
1.77321
1.77322
1.77324
1.77326
1.77328
1.7733
1.77332
1.77333
1.77335
1.77337
1.77339
1.77341
1.77343
1.77345
1.77346
1.77348
1.7735
1.77352
1.77354
1.77355
1.77357
1.77359
1.77361
1.77362
1.77364
1.77366
1.77367
1.77369
1.7737
1.77372
1.77373
1.77375
1.77376
1.77377
1.77379
1.7738
1.77381
1.77383
1.77384
1.77385
1.77387
1.77389
1.7739
1.77392
1.77394
1.77397
1.774
1.77403
1.77406
1.77411
1.77416
1.77421
1.77428
1.77435
1.77444
1.77454
1.77465
1.77477
1.77491
1.77506
1.77522
1.77539
1.77556
1.77571
1.77584
1.77595
1.77605
1.77025
1.77025
1.77024
1.77023
1.77023
1.77023
1.77023
1.77023
1.77023
1.77023
1.77023
1.77023
1.77023
1.77023
1.77023
1.77023
1.77023
1.77024
1.77024
1.77024
1.77024
1.77024
1.77025
1.77025
1.77025
1.77025
1.77026
1.77026
1.77026
1.77026
1.77027
1.77027
1.77027
1.77028
1.77028
1.77028
1.77029
1.77029
1.77029
1.7703
1.7703
1.7703
1.77031
1.77031
1.77032
1.77032
1.77032
1.77033
1.77033
1.77034
1.77034
1.77035
1.77035
1.77036
1.77036
1.77037
1.77037
1.77038
1.77038
1.77039
1.77039
1.7704
1.77041
1.77041
1.77042
1.77042
1.77043
1.77044
1.77044
1.77045
1.77046
1.77046
1.77047
1.77048
1.77049
1.77049
1.7705
1.77051
1.77052
1.77052
1.77053
1.77054
1.77055
1.77056
1.77056
1.77057
1.77058
1.77059
1.7706
1.77061
1.77062
1.77063
1.77064
1.77065
1.77065
1.77066
1.77067
1.77068
1.77069
1.7707
1.77071
1.77072
1.77074
1.77075
1.77076
1.77077
1.77078
1.77079
1.7708
1.77081
1.77082
1.77083
1.77085
1.77086
1.77087
1.77088
1.77089
1.77091
1.77092
1.77093
1.77094
1.77095
1.77097
1.77098
1.77099
1.77101
1.77102
1.77103
1.77104
1.77106
1.77107
1.77109
1.7711
1.77111
1.77113
1.77114
1.77115
1.77117
1.77118
1.7712
1.77121
1.77123
1.77124
1.77126
1.77127
1.77128
1.7713
1.77131
1.77133
1.77135
1.77136
1.77138
1.77139
1.77141
1.77142
1.77144
1.77145
1.77147
1.77149
1.7715
1.77152
1.77153
1.77155
1.77157
1.77158
1.7716
1.77162
1.77163
1.77165
1.77167
1.77168
1.7717
1.77172
1.77173
1.77175
1.77177
1.77179
1.7718
1.77182
1.77184
1.77185
1.77187
1.77189
1.77191
1.77192
1.77194
1.77196
1.77198
1.772
1.77201
1.77203
1.77205
1.77207
1.77209
1.7721
1.77212
1.77214
1.77216
1.77218
1.77219
1.77221
1.77223
1.77225
1.77227
1.77229
1.77231
1.77232
1.77234
1.77236
1.77238
1.7724
1.77242
1.77244
1.77245
1.77247
1.77249
1.77251
1.77253
1.77255
1.77257
1.77259
1.7726
1.77262
1.77264
1.77266
1.77268
1.7727
1.77272
1.77274
1.77275
1.77277
1.77279
1.77281
1.77283
1.77285
1.77287
1.77289
1.7729
1.77292
1.77294
1.77296
1.77298
1.773
1.77302
1.77303
1.77305
1.77307
1.77309
1.77311
1.77313
1.77314
1.77316
1.77318
1.7732
1.77322
1.77324
1.77325
1.77327
1.77329
1.77331
1.77333
1.77335
1.77337
1.77338
1.7734
1.77342
1.77344
1.77346
1.77348
1.77349
1.77351
1.77353
1.77355
1.77357
1.77358
1.7736
1.77362
1.77364
1.77365
1.77367
1.77368
1.7737
1.77371
1.77373
1.77374
1.77376
1.77377
1.77378
1.77379
1.77381
1.77382
1.77383
1.77384
1.77385
1.77386
1.77388
1.77389
1.77391
1.77393
1.77395
1.77398
1.77401
1.77404
1.77409
1.77414
1.77419
1.77426
1.77434
1.77443
1.77453
1.77464
1.77477
1.7749
1.77504
1.77518
1.77531
1.77543
1.77553
1.77562
1.77568
1.77027
1.77026
1.77026
1.77026
1.77025
1.77025
1.77025
1.77025
1.77025
1.77025
1.77025
1.77025
1.77025
1.77025
1.77025
1.77026
1.77026
1.77026
1.77026
1.77026
1.77026
1.77026
1.77027
1.77027
1.77027
1.77027
1.77027
1.77028
1.77028
1.77028
1.77028
1.77029
1.77029
1.77029
1.77029
1.7703
1.7703
1.7703
1.77031
1.77031
1.77031
1.77032
1.77032
1.77032
1.77033
1.77033
1.77034
1.77034
1.77034
1.77035
1.77035
1.77036
1.77036
1.77037
1.77037
1.77038
1.77038
1.77039
1.77039
1.7704
1.7704
1.77041
1.77041
1.77042
1.77043
1.77043
1.77044
1.77045
1.77045
1.77046
1.77046
1.77047
1.77048
1.77049
1.77049
1.7705
1.77051
1.77051
1.77052
1.77053
1.77054
1.77055
1.77055
1.77056
1.77057
1.77058
1.77059
1.7706
1.7706
1.77061
1.77062
1.77063
1.77064
1.77065
1.77066
1.77067
1.77068
1.77069
1.7707
1.77071
1.77072
1.77073
1.77074
1.77075
1.77076
1.77077
1.77078
1.77079
1.7708
1.77081
1.77083
1.77084
1.77085
1.77086
1.77087
1.77088
1.77089
1.77091
1.77092
1.77093
1.77094
1.77096
1.77097
1.77098
1.77099
1.77101
1.77102
1.77103
1.77105
1.77106
1.77107
1.77109
1.7711
1.77111
1.77113
1.77114
1.77115
1.77117
1.77118
1.7712
1.77121
1.77123
1.77124
1.77125
1.77127
1.77128
1.7713
1.77131
1.77133
1.77134
1.77136
1.77137
1.77139
1.77141
1.77142
1.77144
1.77145
1.77147
1.77148
1.7715
1.77152
1.77153
1.77155
1.77156
1.77158
1.7716
1.77161
1.77163
1.77165
1.77166
1.77168
1.7717
1.77171
1.77173
1.77175
1.77177
1.77178
1.7718
1.77182
1.77183
1.77185
1.77187
1.77189
1.7719
1.77192
1.77194
1.77196
1.77198
1.77199
1.77201
1.77203
1.77205
1.77206
1.77208
1.7721
1.77212
1.77214
1.77216
1.77217
1.77219
1.77221
1.77223
1.77225
1.77227
1.77228
1.7723
1.77232
1.77234
1.77236
1.77238
1.77239
1.77241
1.77243
1.77245
1.77247
1.77249
1.77251
1.77253
1.77254
1.77256
1.77258
1.7726
1.77262
1.77264
1.77266
1.77268
1.77269
1.77271
1.77273
1.77275
1.77277
1.77279
1.77281
1.77283
1.77284
1.77286
1.77288
1.7729
1.77292
1.77294
1.77296
1.77297
1.77299
1.77301
1.77303
1.77305
1.77307
1.77309
1.7731
1.77312
1.77314
1.77316
1.77318
1.7732
1.77321
1.77323
1.77325
1.77327
1.77329
1.77331
1.77332
1.77334
1.77336
1.77338
1.7734
1.77342
1.77343
1.77345
1.77347
1.77349
1.77351
1.77353
1.77355
1.77356
1.77358
1.7736
1.77362
1.77363
1.77365
1.77367
1.77368
1.7737
1.77371
1.77373
1.77374
1.77375
1.77377
1.77378
1.77379
1.7738
1.77381
1.77382
1.77383
1.77384
1.77385
1.77386
1.77387
1.77388
1.77389
1.77391
1.77393
1.77395
1.77398
1.77401
1.77405
1.7741
1.77415
1.77421
1.77428
1.77436
1.77445
1.77455
1.77465
1.77476
1.77486
1.77495
1.77503
1.7751
1.77515
1.77518
1.77028
1.77028
1.77028
1.77027
1.77027
1.77027
1.77027
1.77027
1.77027
1.77027
1.77027
1.77027
1.77027
1.77027
1.77027
1.77027
1.77027
1.77027
1.77028
1.77028
1.77028
1.77028
1.77028
1.77028
1.77028
1.77029
1.77029
1.77029
1.77029
1.77029
1.7703
1.7703
1.7703
1.7703
1.77031
1.77031
1.77031
1.77031
1.77032
1.77032
1.77032
1.77033
1.77033
1.77033
1.77034
1.77034
1.77034
1.77035
1.77035
1.77036
1.77036
1.77037
1.77037
1.77038
1.77038
1.77038
1.77039
1.77039
1.7704
1.77041
1.77041
1.77042
1.77042
1.77043
1.77043
1.77044
1.77045
1.77045
1.77046
1.77046
1.77047
1.77048
1.77048
1.77049
1.7705
1.77051
1.77051
1.77052
1.77053
1.77053
1.77054
1.77055
1.77056
1.77057
1.77057
1.77058
1.77059
1.7706
1.77061
1.77062
1.77063
1.77064
1.77064
1.77065
1.77066
1.77067
1.77068
1.77069
1.7707
1.77071
1.77072
1.77073
1.77074
1.77075
1.77076
1.77077
1.77078
1.77079
1.77081
1.77082
1.77083
1.77084
1.77085
1.77086
1.77087
1.77089
1.7709
1.77091
1.77092
1.77093
1.77095
1.77096
1.77097
1.77098
1.771
1.77101
1.77102
1.77103
1.77105
1.77106
1.77107
1.77109
1.7711
1.77111
1.77113
1.77114
1.77116
1.77117
1.77118
1.7712
1.77121
1.77123
1.77124
1.77126
1.77127
1.77129
1.7713
1.77131
1.77133
1.77135
1.77136
1.77138
1.77139
1.77141
1.77142
1.77144
1.77145
1.77147
1.77148
1.7715
1.77152
1.77153
1.77155
1.77157
1.77158
1.7716
1.77161
1.77163
1.77165
1.77166
1.77168
1.7717
1.77171
1.77173
1.77175
1.77177
1.77178
1.7718
1.77182
1.77183
1.77185
1.77187
1.77189
1.7719
1.77192
1.77194
1.77196
1.77197
1.77199
1.77201
1.77203
1.77205
1.77206
1.77208
1.7721
1.77212
1.77214
1.77215
1.77217
1.77219
1.77221
1.77223
1.77225
1.77226
1.77228
1.7723
1.77232
1.77234
1.77236
1.77237
1.77239
1.77241
1.77243
1.77245
1.77247
1.77249
1.77251
1.77252
1.77254
1.77256
1.77258
1.7726
1.77262
1.77264
1.77265
1.77267
1.77269
1.77271
1.77273
1.77275
1.77277
1.77279
1.7728
1.77282
1.77284
1.77286
1.77288
1.7729
1.77292
1.77294
1.77295
1.77297
1.77299
1.77301
1.77303
1.77305
1.77306
1.77308
1.7731
1.77312
1.77314
1.77316
1.77317
1.77319
1.77321
1.77323
1.77325
1.77327
1.77328
1.7733
1.77332
1.77334
1.77336
1.77338
1.7734
1.77341
1.77343
1.77345
1.77347
1.77349
1.77351
1.77352
1.77354
1.77356
1.77358
1.7736
1.77362
1.77363
1.77365
1.77367
1.77368
1.7737
1.77371
1.77373
1.77374
1.77375
1.77377
1.77378
1.77379
1.7738
1.77381
1.77382
1.77383
1.77383
1.77384
1.77385
1.77386
1.77386
1.77387
1.77389
1.7739
1.77391
1.77393
1.77396
1.77399
1.77402
1.77406
1.77411
1.77417
1.77423
1.7743
1.77437
1.77445
1.77453
1.77461
1.77467
1.77472
1.77476
1.77479
1.7748
1.77028
1.77028
1.77028
1.77028
1.77028
1.77028
1.77028
1.77028
1.77028
1.77028
1.77028
1.77028
1.77028
1.77028
1.77028
1.77028
1.77028
1.77029
1.77029
1.77029
1.77029
1.77029
1.77029
1.77029
1.77029
1.7703
1.7703
1.7703
1.7703
1.7703
1.77031
1.77031
1.77031
1.77031
1.77031
1.77032
1.77032
1.77032
1.77033
1.77033
1.77033
1.77034
1.77034
1.77034
1.77035
1.77035
1.77035
1.77036
1.77036
1.77037
1.77037
1.77037
1.77038
1.77038
1.77039
1.77039
1.7704
1.7704
1.77041
1.77041
1.77042
1.77042
1.77043
1.77043
1.77044
1.77045
1.77045
1.77046
1.77046
1.77047
1.77048
1.77048
1.77049
1.7705
1.7705
1.77051
1.77052
1.77053
1.77053
1.77054
1.77055
1.77056
1.77056
1.77057
1.77058
1.77059
1.7706
1.77061
1.77061
1.77062
1.77063
1.77064
1.77065
1.77066
1.77067
1.77068
1.77069
1.7707
1.77071
1.77072
1.77073
1.77074
1.77075
1.77076
1.77077
1.77078
1.77079
1.7708
1.77081
1.77082
1.77083
1.77084
1.77086
1.77087
1.77088
1.77089
1.7709
1.77091
1.77093
1.77094
1.77095
1.77096
1.77097
1.77099
1.771
1.77101
1.77103
1.77104
1.77105
1.77106
1.77108
1.77109
1.7711
1.77112
1.77113
1.77115
1.77116
1.77117
1.77119
1.7712
1.77122
1.77123
1.77124
1.77126
1.77127
1.77129
1.7713
1.77132
1.77133
1.77135
1.77136
1.77138
1.77139
1.77141
1.77142
1.77144
1.77146
1.77147
1.77149
1.7715
1.77152
1.77153
1.77155
1.77157
1.77158
1.7716
1.77162
1.77163
1.77165
1.77167
1.77168
1.7717
1.77172
1.77173
1.77175
1.77177
1.77178
1.7718
1.77182
1.77184
1.77185
1.77187
1.77189
1.77191
1.77192
1.77194
1.77196
1.77198
1.77199
1.77201
1.77203
1.77205
1.77206
1.77208
1.7721
1.77212
1.77214
1.77216
1.77217
1.77219
1.77221
1.77223
1.77225
1.77226
1.77228
1.7723
1.77232
1.77234
1.77236
1.77238
1.77239
1.77241
1.77243
1.77245
1.77247
1.77249
1.77251
1.77252
1.77254
1.77256
1.77258
1.7726
1.77262
1.77264
1.77265
1.77267
1.77269
1.77271
1.77273
1.77275
1.77277
1.77279
1.7728
1.77282
1.77284
1.77286
1.77288
1.7729
1.77292
1.77293
1.77295
1.77297
1.77299
1.77301
1.77303
1.77305
1.77306
1.77308
1.7731
1.77312
1.77314
1.77316
1.77317
1.77319
1.77321
1.77323
1.77325
1.77327
1.77328
1.7733
1.77332
1.77334
1.77336
1.77338
1.77339
1.77341
1.77343
1.77345
1.77347
1.77349
1.7735
1.77352
1.77354
1.77356
1.77358
1.7736
1.77361
1.77363
1.77365
1.77367
1.77368
1.7737
1.77371
1.77373
1.77374
1.77376
1.77377
1.77378
1.77379
1.7738
1.77381
1.77382
1.77383
1.77384
1.77384
1.77385
1.77386
1.77386
1.77387
1.77388
1.77389
1.7739
1.77392
1.77394
1.77396
1.77399
1.77403
1.77406
1.77411
1.77416
1.77422
1.77428
1.77434
1.77439
1.77445
1.77449
1.77452
1.77454
1.77455
1.77454
1.77028
1.77028
1.77028
1.77028
1.77028
1.77029
1.77029
1.77029
1.77029
1.77029
1.77029
1.77029
1.77029
1.77029
1.77029
1.77029
1.77029
1.77029
1.77029
1.77029
1.77029
1.7703
1.7703
1.7703
1.7703
1.7703
1.7703
1.77031
1.77031
1.77031
1.77031
1.77031
1.77032
1.77032
1.77032
1.77032
1.77033
1.77033
1.77033
1.77034
1.77034
1.77034
1.77034
1.77035
1.77035
1.77036
1.77036
1.77036
1.77037
1.77037
1.77038
1.77038
1.77038
1.77039
1.77039
1.7704
1.7704
1.77041
1.77041
1.77042
1.77042
1.77043
1.77043
1.77044
1.77045
1.77045
1.77046
1.77046
1.77047
1.77048
1.77048
1.77049
1.7705
1.7705
1.77051
1.77052
1.77052
1.77053
1.77054
1.77055
1.77055
1.77056
1.77057
1.77058
1.77059
1.77059
1.7706
1.77061
1.77062
1.77063
1.77064
1.77065
1.77065
1.77066
1.77067
1.77068
1.77069
1.7707
1.77071
1.77072
1.77073
1.77074
1.77075
1.77076
1.77077
1.77078
1.77079
1.7708
1.77081
1.77083
1.77084
1.77085
1.77086
1.77087
1.77088
1.77089
1.77091
1.77092
1.77093
1.77094
1.77095
1.77097
1.77098
1.77099
1.771
1.77102
1.77103
1.77104
1.77105
1.77107
1.77108
1.77109
1.77111
1.77112
1.77114
1.77115
1.77116
1.77118
1.77119
1.7712
1.77122
1.77123
1.77125
1.77126
1.77128
1.77129
1.77131
1.77132
1.77134
1.77135
1.77137
1.77138
1.7714
1.77141
1.77143
1.77144
1.77146
1.77147
1.77149
1.77151
1.77152
1.77154
1.77155
1.77157
1.77159
1.7716
1.77162
1.77164
1.77165
1.77167
1.77169
1.7717
1.77172
1.77174
1.77175
1.77177
1.77179
1.7718
1.77182
1.77184
1.77186
1.77187
1.77189
1.77191
1.77192
1.77194
1.77196
1.77198
1.772
1.77201
1.77203
1.77205
1.77207
1.77208
1.7721
1.77212
1.77214
1.77216
1.77217
1.77219
1.77221
1.77223
1.77225
1.77227
1.77228
1.7723
1.77232
1.77234
1.77236
1.77238
1.7724
1.77241
1.77243
1.77245
1.77247
1.77249
1.77251
1.77253
1.77254
1.77256
1.77258
1.7726
1.77262
1.77264
1.77266
1.77267
1.77269
1.77271
1.77273
1.77275
1.77277
1.77279
1.77281
1.77282
1.77284
1.77286
1.77288
1.7729
1.77292
1.77294
1.77295
1.77297
1.77299
1.77301
1.77303
1.77305
1.77306
1.77308
1.7731
1.77312
1.77314
1.77316
1.77317
1.77319
1.77321
1.77323
1.77325
1.77327
1.77328
1.7733
1.77332
1.77334
1.77336
1.77338
1.77339
1.77341
1.77343
1.77345
1.77347
1.77349
1.7735
1.77352
1.77354
1.77356
1.77358
1.77359
1.77361
1.77363
1.77365
1.77366
1.77368
1.7737
1.77371
1.77373
1.77374
1.77375
1.77377
1.77378
1.77379
1.7738
1.77381
1.77382
1.77383
1.77384
1.77385
1.77386
1.77387
1.77388
1.77389
1.7739
1.77391
1.77392
1.77394
1.77396
1.77398
1.77401
1.77404
1.77407
1.77411
1.77415
1.7742
1.77425
1.77429
1.77433
1.77437
1.77439
1.77441
1.77441
1.77441
1.7744
1.77029
1.77029
1.77029
1.77029
1.77029
1.77029
1.77029
1.77029
1.77029
1.77029
1.77029
1.77029
1.77029
1.77029
1.77029
1.77029
1.77029
1.77029
1.7703
1.7703
1.7703
1.7703
1.7703
1.7703
1.7703
1.77031
1.77031
1.77031
1.77031
1.77031
1.77032
1.77032
1.77032
1.77032
1.77032
1.77033
1.77033
1.77033
1.77034
1.77034
1.77034
1.77035
1.77035
1.77035
1.77036
1.77036
1.77036
1.77037
1.77037
1.77037
1.77038
1.77038
1.77039
1.77039
1.7704
1.7704
1.77041
1.77041
1.77042
1.77042
1.77043
1.77043
1.77044
1.77044
1.77045
1.77046
1.77046
1.77047
1.77047
1.77048
1.77049
1.77049
1.7705
1.77051
1.77051
1.77052
1.77053
1.77053
1.77054
1.77055
1.77056
1.77057
1.77057
1.77058
1.77059
1.7706
1.77061
1.77061
1.77062
1.77063
1.77064
1.77065
1.77066
1.77067
1.77068
1.77069
1.7707
1.7707
1.77071
1.77072
1.77073
1.77074
1.77075
1.77076
1.77078
1.77079
1.7708
1.77081
1.77082
1.77083
1.77084
1.77085
1.77086
1.77087
1.77089
1.7709
1.77091
1.77092
1.77093
1.77094
1.77096
1.77097
1.77098
1.77099
1.77101
1.77102
1.77103
1.77104
1.77106
1.77107
1.77108
1.7711
1.77111
1.77112
1.77114
1.77115
1.77117
1.77118
1.77119
1.77121
1.77122
1.77124
1.77125
1.77126
1.77128
1.77129
1.77131
1.77132
1.77134
1.77135
1.77137
1.77138
1.7714
1.77141
1.77143
1.77145
1.77146
1.77148
1.77149
1.77151
1.77152
1.77154
1.77156
1.77157
1.77159
1.7716
1.77162
1.77164
1.77165
1.77167
1.77169
1.7717
1.77172
1.77174
1.77175
1.77177
1.77179
1.77181
1.77182
1.77184
1.77186
1.77187
1.77189
1.77191
1.77193
1.77194
1.77196
1.77198
1.772
1.77202
1.77203
1.77205
1.77207
1.77209
1.7721
1.77212
1.77214
1.77216
1.77218
1.7722
1.77221
1.77223
1.77225
1.77227
1.77229
1.7723
1.77232
1.77234
1.77236
1.77238
1.7724
1.77242
1.77243
1.77245
1.77247
1.77249
1.77251
1.77253
1.77255
1.77256
1.77258
1.7726
1.77262
1.77264
1.77266
1.77268
1.77269
1.77271
1.77273
1.77275
1.77277
1.77279
1.77281
1.77282
1.77284
1.77286
1.77288
1.7729
1.77292
1.77294
1.77296
1.77297
1.77299
1.77301
1.77303
1.77305
1.77307
1.77308
1.7731
1.77312
1.77314
1.77316
1.77318
1.77319
1.77321
1.77323
1.77325
1.77327
1.77329
1.7733
1.77332
1.77334
1.77336
1.77338
1.77339
1.77341
1.77343
1.77345
1.77347
1.77348
1.7735
1.77352
1.77354
1.77356
1.77357
1.77359
1.77361
1.77363
1.77364
1.77366
1.77368
1.77369
1.77371
1.77372
1.77374
1.77375
1.77377
1.77378
1.77379
1.77381
1.77382
1.77383
1.77384
1.77386
1.77387
1.77388
1.77389
1.7739
1.77392
1.77393
1.77394
1.77396
1.77398
1.774
1.77403
1.77405
1.77408
1.77411
1.77415
1.77419
1.77422
1.77426
1.77429
1.77431
1.77434
1.77435
1.77435
1.77435
1.77434
1.77432
1.77028
1.77028
1.77029
1.77029
1.77029
1.77029
1.77029
1.77029
1.77029
1.77029
1.77029
1.77029
1.77029
1.77029
1.77029
1.77029
1.77029
1.77029
1.7703
1.7703
1.7703
1.7703
1.7703
1.7703
1.7703
1.77031
1.77031
1.77031
1.77031
1.77031
1.77032
1.77032
1.77032
1.77032
1.77033
1.77033
1.77033
1.77033
1.77034
1.77034
1.77034
1.77035
1.77035
1.77035
1.77036
1.77036
1.77036
1.77037
1.77037
1.77038
1.77038
1.77038
1.77039
1.77039
1.7704
1.7704
1.77041
1.77041
1.77042
1.77042
1.77043
1.77043
1.77044
1.77045
1.77045
1.77046
1.77046
1.77047
1.77048
1.77048
1.77049
1.77049
1.7705
1.77051
1.77052
1.77052
1.77053
1.77054
1.77054
1.77055
1.77056
1.77057
1.77057
1.77058
1.77059
1.7706
1.77061
1.77062
1.77062
1.77063
1.77064
1.77065
1.77066
1.77067
1.77068
1.77069
1.7707
1.77071
1.77072
1.77073
1.77074
1.77075
1.77076
1.77077
1.77078
1.77079
1.7708
1.77081
1.77082
1.77083
1.77084
1.77085
1.77086
1.77088
1.77089
1.7709
1.77091
1.77092
1.77093
1.77095
1.77096
1.77097
1.77098
1.771
1.77101
1.77102
1.77103
1.77105
1.77106
1.77107
1.77109
1.7711
1.77111
1.77113
1.77114
1.77115
1.77117
1.77118
1.7712
1.77121
1.77122
1.77124
1.77125
1.77127
1.77128
1.7713
1.77131
1.77133
1.77134
1.77136
1.77137
1.77139
1.7714
1.77142
1.77143
1.77145
1.77146
1.77148
1.77149
1.77151
1.77153
1.77154
1.77156
1.77157
1.77159
1.77161
1.77162
1.77164
1.77166
1.77167
1.77169
1.77171
1.77172
1.77174
1.77176
1.77177
1.77179
1.77181
1.77182
1.77184
1.77186
1.77188
1.77189
1.77191
1.77193
1.77195
1.77196
1.77198
1.772
1.77202
1.77203
1.77205
1.77207
1.77209
1.77211
1.77212
1.77214
1.77216
1.77218
1.7722
1.77221
1.77223
1.77225
1.77227
1.77229
1.77231
1.77232
1.77234
1.77236
1.77238
1.7724
1.77242
1.77244
1.77245
1.77247
1.77249
1.77251
1.77253
1.77255
1.77257
1.77258
1.7726
1.77262
1.77264
1.77266
1.77268
1.7727
1.77271
1.77273
1.77275
1.77277
1.77279
1.77281
1.77283
1.77284
1.77286
1.77288
1.7729
1.77292
1.77294
1.77296
1.77297
1.77299
1.77301
1.77303
1.77305
1.77307
1.77309
1.7731
1.77312
1.77314
1.77316
1.77318
1.7732
1.77321
1.77323
1.77325
1.77327
1.77329
1.7733
1.77332
1.77334
1.77336
1.77338
1.7734
1.77341
1.77343
1.77345
1.77347
1.77348
1.7735
1.77352
1.77354
1.77355
1.77357
1.77359
1.7736
1.77362
1.77364
1.77365
1.77367
1.77369
1.7737
1.77372
1.77373
1.77375
1.77377
1.77378
1.7738
1.77381
1.77383
1.77384
1.77386
1.77387
1.77389
1.7739
1.77392
1.77393
1.77395
1.77397
1.77399
1.77401
1.77403
1.77406
1.77408
1.77411
1.77414
1.77417
1.7742
1.77423
1.77425
1.77428
1.7743
1.77432
1.77433
1.77433
1.77433
1.77432
1.77431
1.7743
1.77028
1.77028
1.77028
1.77028
1.77028
1.77028
1.77029
1.77029
1.77029
1.77029
1.77029
1.77029
1.77029
1.77029
1.77029
1.77029
1.77029
1.77029
1.77029
1.7703
1.7703
1.7703
1.7703
1.7703
1.7703
1.77031
1.77031
1.77031
1.77031
1.77031
1.77032
1.77032
1.77032
1.77032
1.77033
1.77033
1.77033
1.77033
1.77034
1.77034
1.77034
1.77035
1.77035
1.77035
1.77036
1.77036
1.77036
1.77037
1.77037
1.77038
1.77038
1.77038
1.77039
1.77039
1.7704
1.7704
1.77041
1.77041
1.77042
1.77042
1.77043
1.77043
1.77044
1.77045
1.77045
1.77046
1.77046
1.77047
1.77048
1.77048
1.77049
1.77049
1.7705
1.77051
1.77052
1.77052
1.77053
1.77054
1.77054
1.77055
1.77056
1.77057
1.77058
1.77058
1.77059
1.7706
1.77061
1.77062
1.77062
1.77063
1.77064
1.77065
1.77066
1.77067
1.77068
1.77069
1.7707
1.77071
1.77072
1.77073
1.77074
1.77075
1.77076
1.77077
1.77078
1.77079
1.7708
1.77081
1.77082
1.77083
1.77084
1.77085
1.77087
1.77088
1.77089
1.7709
1.77091
1.77092
1.77094
1.77095
1.77096
1.77097
1.77098
1.771
1.77101
1.77102
1.77103
1.77105
1.77106
1.77107
1.77109
1.7711
1.77111
1.77113
1.77114
1.77115
1.77117
1.77118
1.7712
1.77121
1.77122
1.77124
1.77125
1.77127
1.77128
1.7713
1.77131
1.77133
1.77134
1.77136
1.77137
1.77139
1.7714
1.77142
1.77143
1.77145
1.77146
1.77148
1.7715
1.77151
1.77153
1.77154
1.77156
1.77158
1.77159
1.77161
1.77162
1.77164
1.77166
1.77167
1.77169
1.77171
1.77172
1.77174
1.77176
1.77177
1.77179
1.77181
1.77183
1.77184
1.77186
1.77188
1.77189
1.77191
1.77193
1.77195
1.77196
1.77198
1.772
1.77202
1.77204
1.77205
1.77207
1.77209
1.77211
1.77213
1.77214
1.77216
1.77218
1.7722
1.77222
1.77223
1.77225
1.77227
1.77229
1.77231
1.77233
1.77234
1.77236
1.77238
1.7724
1.77242
1.77244
1.77245
1.77247
1.77249
1.77251
1.77253
1.77255
1.77257
1.77258
1.7726
1.77262
1.77264
1.77266
1.77268
1.7727
1.77272
1.77273
1.77275
1.77277
1.77279
1.77281
1.77283
1.77285
1.77286
1.77288
1.7729
1.77292
1.77294
1.77296
1.77298
1.77299
1.77301
1.77303
1.77305
1.77307
1.77309
1.77311
1.77312
1.77314
1.77316
1.77318
1.7732
1.77322
1.77323
1.77325
1.77327
1.77329
1.77331
1.77332
1.77334
1.77336
1.77338
1.7734
1.77341
1.77343
1.77345
1.77347
1.77348
1.7735
1.77352
1.77353
1.77355
1.77357
1.77359
1.7736
1.77362
1.77363
1.77365
1.77367
1.77368
1.7737
1.77372
1.77373
1.77375
1.77376
1.77378
1.7738
1.77381
1.77383
1.77385
1.77387
1.77388
1.7739
1.77392
1.77394
1.77396
1.77398
1.774
1.77403
1.77405
1.77408
1.7741
1.77413
1.77416
1.77418
1.77421
1.77423
1.77426
1.77428
1.7743
1.77431
1.77432
1.77432
1.77432
1.77432
1.77431
1.7743
1.77429
1.77028
1.77028
1.77028
1.77028
1.77028
1.77028
1.77028
1.77028
1.77028
1.77028
1.77029
1.77029
1.77029
1.77029
1.77029
1.77029
1.77029
1.77029
1.77029
1.77029
1.7703
1.7703
1.7703
1.7703
1.7703
1.7703
1.77031
1.77031
1.77031
1.77031
1.77031
1.77032
1.77032
1.77032
1.77032
1.77033
1.77033
1.77033
1.77033
1.77034
1.77034
1.77034
1.77035
1.77035
1.77035
1.77036
1.77036
1.77037
1.77037
1.77037
1.77038
1.77038
1.77039
1.77039
1.7704
1.7704
1.77041
1.77041
1.77042
1.77042
1.77043
1.77043
1.77044
1.77044
1.77045
1.77046
1.77046
1.77047
1.77047
1.77048
1.77049
1.77049
1.7705
1.77051
1.77051
1.77052
1.77053
1.77054
1.77054
1.77055
1.77056
1.77057
1.77057
1.77058
1.77059
1.7706
1.77061
1.77062
1.77062
1.77063
1.77064
1.77065
1.77066
1.77067
1.77068
1.77069
1.7707
1.77071
1.77072
1.77073
1.77074
1.77075
1.77076
1.77077
1.77078
1.77079
1.7708
1.77081
1.77082
1.77083
1.77084
1.77085
1.77086
1.77088
1.77089
1.7709
1.77091
1.77092
1.77093
1.77095
1.77096
1.77097
1.77098
1.771
1.77101
1.77102
1.77103
1.77105
1.77106
1.77107
1.77109
1.7711
1.77111
1.77113
1.77114
1.77115
1.77117
1.77118
1.7712
1.77121
1.77122
1.77124
1.77125
1.77127
1.77128
1.7713
1.77131
1.77133
1.77134
1.77136
1.77137
1.77139
1.7714
1.77142
1.77143
1.77145
1.77146
1.77148
1.7715
1.77151
1.77153
1.77154
1.77156
1.77158
1.77159
1.77161
1.77162
1.77164
1.77166
1.77167
1.77169
1.77171
1.77172
1.77174
1.77176
1.77177
1.77179
1.77181
1.77183
1.77184
1.77186
1.77188
1.7719
1.77191
1.77193
1.77195
1.77197
1.77198
1.772
1.77202
1.77204
1.77205
1.77207
1.77209
1.77211
1.77213
1.77214
1.77216
1.77218
1.7722
1.77222
1.77223
1.77225
1.77227
1.77229
1.77231
1.77233
1.77234
1.77236
1.77238
1.7724
1.77242
1.77244
1.77246
1.77247
1.77249
1.77251
1.77253
1.77255
1.77257
1.77259
1.7726
1.77262
1.77264
1.77266
1.77268
1.7727
1.77272
1.77273
1.77275
1.77277
1.77279
1.77281
1.77283
1.77285
1.77287
1.77288
1.7729
1.77292
1.77294
1.77296
1.77298
1.773
1.77301
1.77303
1.77305
1.77307
1.77309
1.77311
1.77313
1.77314
1.77316
1.77318
1.7732
1.77322
1.77324
1.77325
1.77327
1.77329
1.77331
1.77333
1.77334
1.77336
1.77338
1.7734
1.77341
1.77343
1.77345
1.77347
1.77348
1.7735
1.77352
1.77353
1.77355
1.77357
1.77358
1.7736
1.77362
1.77363
1.77365
1.77367
1.77368
1.7737
1.77371
1.77373
1.77375
1.77376
1.77378
1.7738
1.77382
1.77383
1.77385
1.77387
1.77389
1.77391
1.77393
1.77395
1.77398
1.774
1.77403
1.77405
1.77408
1.7741
1.77413
1.77416
1.77418
1.77421
1.77423
1.77426
1.77428
1.77429
1.77431
1.77432
1.77433
1.77433
1.77433
1.77432
1.77432
1.77431
1.7743
1.77028
1.77028
1.77028
1.77028
1.77028
1.77028
1.77028
1.77028
1.77028
1.77028
1.77028
1.77028
1.77028
1.77028
1.77029
1.77029
1.77029
1.77029
1.77029
1.77029
1.77029
1.77029
1.7703
1.7703
1.7703
1.7703
1.7703
1.7703
1.77031
1.77031
1.77031
1.77031
1.77032
1.77032
1.77032
1.77032
1.77033
1.77033
1.77033
1.77033
1.77034
1.77034
1.77034
1.77035
1.77035
1.77036
1.77036
1.77036
1.77037
1.77037
1.77038
1.77038
1.77038
1.77039
1.77039
1.7704
1.7704
1.77041
1.77041
1.77042
1.77042
1.77043
1.77044
1.77044
1.77045
1.77045
1.77046
1.77047
1.77047
1.77048
1.77048
1.77049
1.7705
1.7705
1.77051
1.77052
1.77053
1.77053
1.77054
1.77055
1.77056
1.77056
1.77057
1.77058
1.77059
1.7706
1.7706
1.77061
1.77062
1.77063
1.77064
1.77065
1.77066
1.77067
1.77068
1.77069
1.77069
1.7707
1.77071
1.77072
1.77073
1.77074
1.77075
1.77076
1.77078
1.77079
1.7708
1.77081
1.77082
1.77083
1.77084
1.77085
1.77086
1.77087
1.77089
1.7709
1.77091
1.77092
1.77093
1.77095
1.77096
1.77097
1.77098
1.77099
1.77101
1.77102
1.77103
1.77105
1.77106
1.77107
1.77109
1.7711
1.77111
1.77113
1.77114
1.77115
1.77117
1.77118
1.77119
1.77121
1.77122
1.77124
1.77125
1.77127
1.77128
1.7713
1.77131
1.77133
1.77134
1.77136
1.77137
1.77139
1.7714
1.77142
1.77143
1.77145
1.77146
1.77148
1.77149
1.77151
1.77153
1.77154
1.77156
1.77157
1.77159
1.77161
1.77162
1.77164
1.77166
1.77167
1.77169
1.77171
1.77172
1.77174
1.77176
1.77177
1.77179
1.77181
1.77183
1.77184
1.77186
1.77188
1.7719
1.77191
1.77193
1.77195
1.77197
1.77198
1.772
1.77202
1.77204
1.77205
1.77207
1.77209
1.77211
1.77213
1.77214
1.77216
1.77218
1.7722
1.77222
1.77224
1.77225
1.77227
1.77229
1.77231
1.77233
1.77235
1.77236
1.77238
1.7724
1.77242
1.77244
1.77246
1.77247
1.77249
1.77251
1.77253
1.77255
1.77257
1.77259
1.77261
1.77262
1.77264
1.77266
1.77268
1.7727
1.77272
1.77274
1.77275
1.77277
1.77279
1.77281
1.77283
1.77285
1.77287
1.77288
1.7729
1.77292
1.77294
1.77296
1.77298
1.773
1.77302
1.77303
1.77305
1.77307
1.77309
1.77311
1.77313
1.77314
1.77316
1.77318
1.7732
1.77322
1.77324
1.77325
1.77327
1.77329
1.77331
1.77333
1.77335
1.77336
1.77338
1.7734
1.77342
1.77343
1.77345
1.77347
1.77349
1.7735
1.77352
1.77354
1.77355
1.77357
1.77359
1.7736
1.77362
1.77363
1.77365
1.77367
1.77368
1.7737
1.77371
1.77373
1.77375
1.77376
1.77378
1.7738
1.77381
1.77383
1.77385
1.77387
1.77389
1.77391
1.77393
1.77396
1.77398
1.77401
1.77403
1.77406
1.77409
1.77412
1.77415
1.77417
1.7742
1.77423
1.77425
1.77428
1.7743
1.77431
1.77433
1.77434
1.77434
1.77434
1.77434
1.77434
1.77434
1.77433
1.77433
1.77029
1.77029
1.77029
1.77029
1.77029
1.77029
1.77029
1.77029
1.77029
1.77029
1.77029
1.77029
1.77029
1.77029
1.77029
1.77029
1.77029
1.77029
1.77029
1.77029
1.77029
1.77029
1.77029
1.77029
1.77029
1.77029
1.77029
1.77029
1.77029
1.77029
1.77029
1.77029
1.77029
1.77029
1.77029
1.77029
1.77029
1.77029
1.7703
1.7703
1.7703
1.7703
1.7703
1.7703
1.77031
1.77031
1.77031
1.77033
1.77036
1.77034
1.77029
1.77029
1.77029
1.77029
1.77029
1.77029
1.77029
1.77029
1.77029
1.77029
1.77029
1.77029
1.77029
1.77029
1.77029
1.77029
1.77029
1.77029
1.77029
1.77029
1.77029
1.77029
1.77029
1.77029
1.77029
1.77029
1.77029
1.77029
1.77029
1.77029
1.77029
1.77029
1.77029
1.77029
1.77029
1.77029
1.77029
1.77029
1.77029
1.77029
1.77029
1.77029
1.77029
1.77028
1.77028
1.77027
1.77027
1.77025
1.77023
1.7702
1.77029
1.77029
1.77029
1.77029
1.77029
1.77029
1.77029
1.77029
1.77029
1.77029
1.77029
1.77029
1.77029
1.77029
1.77029
1.77029
1.77029
1.77029
1.77029
1.77029
1.77029
1.77029
1.77029
1.77029
1.77029
1.77029
1.77029
1.77029
1.77029
1.77029
1.77029
1.77029
1.77029
1.77029
1.77029
1.77029
1.77029
1.77029
1.77029
1.77029
1.77029
1.77029
1.77029
1.77029
1.77029
1.77029
1.77028
1.77028
1.77027
1.77027
1.77029
1.77029
1.77029
1.77029
1.77029
1.77029
1.77029
1.77029
1.77029
1.77029
1.77029
1.77029
1.77029
1.77029
1.77029
1.77029
1.77029
1.77029
1.77029
1.77029
1.77029
1.77029
1.77029
1.77029
1.77029
1.77029
1.77029
1.77029
1.77029
1.77029
1.77029
1.77029
1.77029
1.77029
1.77029
1.77029
1.77029
1.77029
1.77029
1.77029
1.77029
1.77029
1.77028
1.77028
1.77028
1.77028
1.77028
1.77028
1.77027
1.77027
1.77029
1.77029
1.77029
1.77029
1.77029
1.77029
1.77029
1.77029
1.77029
1.77029
1.77029
1.77029
1.77029
1.77029
1.77029
1.77029
1.77029
1.77029
1.77029
1.77029
1.77029
1.77029
1.77029
1.77029
1.77029
1.77029
1.77029
1.77029
1.77029
1.77029
1.77029
1.77029
1.77029
1.77029
1.77029
1.77029
1.77029
1.77029
1.77029
1.77029
1.77029
1.77029
1.77029
1.77029
1.77029
1.77028
1.77028
1.77028
1.77028
1.77028
1.77029
1.77029
1.77029
1.77029
1.77029
1.77029
1.77029
1.77029
1.77029
1.77029
1.77029
1.77029
1.77029
1.77029
1.77029
1.77029
1.77029
1.77029
1.77029
1.77029
1.77029
1.77029
1.77029
1.77029
1.77029
1.77029
1.77029
1.77029
1.77029
1.77029
1.77029
1.77029
1.77029
1.77029
1.77029
1.77029
1.77029
1.77029
1.77029
1.77029
1.77029
1.77029
1.77029
1.77029
1.77028
1.77028
1.77028
1.77028
1.77028
1.77028
1.77029
1.77029
1.77029
1.77029
1.77029
1.77029
1.77029
1.77029
1.77029
1.77029
1.77029
1.77029
1.77029
1.77029
1.77029
1.77029
1.77029
1.77029
1.77029
1.77029
1.77029
1.77029
1.77029
1.77029
1.77029
1.77029
1.77029
1.77029
1.77029
1.77029
1.77029
1.77029
1.77029
1.77029
1.77029
1.77029
1.77029
1.77029
1.77029
1.77029
1.77029
1.77029
1.77029
1.77029
1.77029
1.77029
1.77028
1.77028
1.77028
1.77028
1.77029
1.77029
1.77029
1.77029
1.77029
1.77029
1.77029
1.77029
1.77029
1.77029
1.77029
1.77029
1.77029
1.77029
1.77029
1.77029
1.77029
1.77029
1.77029
1.77029
1.77029
1.77029
1.77029
1.77029
1.77029
1.77029
1.77029
1.77028
1.77028
1.77028
1.77028
1.77028
1.77028
1.77028
1.77028
1.77028
1.77028
1.77028
1.77028
1.77028
1.77028
1.77028
1.77028
1.77028
1.77028
1.77028
1.77028
1.77028
1.77028
1.77028
1.77029
1.77029
1.77029
1.77029
1.77029
1.77029
1.77029
1.77029
1.77029
1.77029
1.77029
1.77029
1.77029
1.77029
1.77029
1.77029
1.77029
1.77029
1.77029
1.77029
1.77029
1.77029
1.77028
1.77028
1.77028
1.77028
1.77028
1.77028
1.77028
1.77028
1.77028
1.77028
1.77028
1.77028
1.77028
1.77028
1.77028
1.77028
1.77028
1.77028
1.77028
1.77028
1.77028
1.77028
1.77028
1.77028
1.77028
1.77028
1.77028
1.77028
1.77029
1.77029
1.77029
1.77029
1.77029
1.77029
1.77029
1.77029
1.77029
1.77029
1.77029
1.77029
1.77029
1.77029
1.77029
1.77029
1.77029
1.77029
1.77029
1.77029
1.77028
1.77028
1.77028
1.77028
1.77028
1.77028
1.77028
1.77028
1.77028
1.77028
1.77028
1.77028
1.77028
1.77028
1.77028
1.77028
1.77028
1.77028
1.77028
1.77028
1.77028
1.77028
1.77028
1.77028
1.77028
1.77028
1.77028
1.77028
1.77028
1.77028
1.77029
1.77029
1.77029
1.77029
1.77029
1.77029
1.77029
1.77029
1.77029
1.77029
1.77029
1.77029
1.77029
1.77029
1.77029
1.77029
1.77029
1.77029
1.77029
1.77029
1.77028
1.77028
1.77028
1.77028
1.77028
1.77028
1.77028
1.77028
1.77028
1.77028
1.77028
1.77028
1.77028
1.77028
1.77028
1.77028
1.77028
1.77028
1.77028
1.77028
1.77028
1.77028
1.77028
1.77028
1.77028
1.77028
1.77028
1.77028
1.77028
1.77028
1.77029
1.77029
1.77029
1.77029
1.77029
1.77029
1.77029
1.77029
1.77029
1.77029
1.77029
1.77029
1.77029
1.77029
1.77029
1.77029
1.77029
1.77029
1.77029
1.77029
1.77028
1.77028
1.77028
1.77028
1.77028
1.77028
1.77028
1.77028
1.77028
1.77028
1.77028
1.77028
1.77028
1.77028
1.77028
1.77028
1.77028
1.77028
1.77028
1.77028
1.77028
1.77028
1.77028
1.77028
1.77028
1.77028
1.77028
1.77028
1.77028
1.77028
)
;

boundaryField
{
    axis
    {
        type            symmetryPlane;
    }
    inlet
    {
        type            zeroGradient;
    }
    outlet
    {
        type            fixedValue;
        value           uniform 0;
    }
    upperWall
    {
        type            zeroGradient;
    }

    back
    {
        type            wedge;
    }
    front
    {
        type            wedge;
    }
}


// ************************************************************************* //
